tile_IWBTG,416,480,64,32,32,32,0,1,1,4294967295
tile_IWBTG,448,480,64,32,32,32,0,1,1,4294967295
tile_IWBTG,480,480,64,32,32,32,0,1,1,4294967295
tile_IWBTG,960,1088,32,32,32,32,0,1,1,4294967295
tile_IWBTG,960,1120,32,32,32,32,0,1,1,4294967295
tile_IWBTG,1216,1088,32,32,32,32,0,1,1,4294967295
tile_IWBTG,1216,1120,32,32,32,32,0,1,1,4294967295
tile_IWBTG,768,608,32,32,32,32,0,1,1,4294967295
tile_IWBTG,800,608,32,32,32,32,0,1,1,4294967295
tile_IWBTG,832,608,32,32,32,32,0,1,1,4294967295
tile_IWBTG,864,608,32,32,32,32,0,1,1,4294967295
tile_IWBTG,896,608,32,32,32,32,0,1,1,4294967295
tile_IWBTG,928,608,32,32,32,32,0,1,1,4294967295
tile_IWBTG,960,608,32,32,32,32,0,1,1,4294967295
tile_IWBTG,992,608,32,32,32,32,0,1,1,4294967295
tile_IWBTG,1024,608,32,32,32,32,0,1,1,4294967295
tile_IWBTG,1056,608,32,32,32,32,0,1,1,4294967295
tile_IWBTG,1088,608,32,32,32,32,0,1,1,4294967295
tile_IWBTG,768,640,32,32,32,32,0,1,1,4294967295
tile_IWBTG,768,800,32,32,32,32,0,1,1,4294967295
tile_IWBTG,768,832,32,32,32,32,0,1,1,4294967295
tile_IWBTG,768,864,32,32,32,32,0,1,1,4294967295
tile_IWBTG,768,896,32,32,32,32,0,1,1,4294967295
tile_IWBTG,768,928,32,32,32,32,0,1,1,4294967295
tile_IWBTG,768,1024,32,32,32,32,0,1,1,4294967295
tile_IWBTG,768,1056,32,32,32,32,0,1,1,4294967295
tile_IWBTG,800,1056,32,32,32,32,0,1,1,4294967295
tile_IWBTG,800,896,32,32,32,32,0,1,1,4294967295
tile_IWBTG,800,864,32,32,32,32,0,1,1,4294967295
tile_IWBTG,800,832,32,32,32,32,0,1,1,4294967295
tile_IWBTG,800,800,32,32,32,32,0,1,1,4294967295
tile_IWBTG,800,640,32,32,32,32,0,1,1,4294967295
tile_IWBTG,800,928,32,32,32,32,0,1,1,4294967295
tile_IWBTG,768,960,32,32,32,32,0,1,1,4294967295
tile_IWBTG,800,960,32,32,32,32,0,1,1,4294967295
tile_IWBTG,800,1024,32,32,32,32,0,1,1,4294967295
tile_IWBTG,800,992,32,32,32,32,0,1,1,4294967295
tile_IWBTG,768,992,32,32,32,32,0,1,1,4294967295
tile_IWBTG,736,992,32,32,32,32,0,1,1,4294967295
tile_IWBTG,800,1152,32,32,32,32,0,1,1,4294967295
tile_IWBTG,800,1184,32,32,32,32,0,1,1,4294967295
tile_IWBTG,832,1184,32,32,32,32,0,1,1,4294967295
tile_IWBTG,864,1184,32,32,32,32,0,1,1,4294967295
tile_IWBTG,896,1184,32,32,32,32,0,1,1,4294967295
tile_IWBTG,928,1184,32,32,32,32,0,1,1,4294967295
tile_IWBTG,960,1184,32,32,32,32,0,1,1,4294967295
tile_IWBTG,992,1184,32,32,32,32,0,1,1,4294967295
tile_IWBTG,1024,1184,32,32,32,32,0,1,1,4294967295
tile_IWBTG,1056,1184,32,32,32,32,0,1,1,4294967295
tile_IWBTG,1088,1184,32,32,32,32,0,1,1,4294967295
tile_IWBTG,1120,1184,32,32,32,32,0,1,1,4294967295
tile_IWBTG,1152,1184,32,32,32,32,0,1,1,4294967295
tile_IWBTG,1184,1184,32,32,32,32,0,1,1,4294967295
tile_IWBTG,1216,1184,32,32,32,32,0,1,1,4294967295
tile_IWBTG,1248,1184,32,32,32,32,0,1,1,4294967295
tile_IWBTG,1280,1184,32,32,32,32,0,1,1,4294967295
tile_IWBTG,1312,1184,32,32,32,32,0,1,1,4294967295
tile_IWBTG,1344,1184,32,32,32,32,0,1,1,4294967295
tile_IWBTG,1376,1184,32,32,32,32,0,1,1,4294967295
tile_IWBTG,1408,1184,32,32,32,32,0,1,1,4294967295
tile_IWBTG,1440,1184,32,32,32,32,0,1,1,4294967295
tile_IWBTG,1472,1184,32,32,32,32,0,1,1,4294967295
tile_IWBTG,1504,1184,32,32,32,32,0,1,1,4294967295
tile_IWBTG,1536,1184,32,32,32,32,0,1,1,4294967295
tile_IWBTG,1568,1184,32,32,32,32,0,1,1,4294967295
tile_IWBTG,1568,1152,32,32,32,32,0,1,1,4294967295
tile_IWBTG,1568,992,32,32,32,32,0,1,1,4294967295
tile_IWBTG,1568,1120,32,32,32,32,0,1,1,4294967295
tile_IWBTG,1568,1088,32,32,32,32,0,1,1,4294967295
tile_IWBTG,1568,1056,32,32,32,32,0,1,1,4294967295
tile_IWBTG,1568,1024,32,32,32,32,0,1,1,4294967295
tile_IWBTG,1536,992,32,32,32,32,0,1,1,4294967295
tile_IWBTG,1504,992,32,32,32,32,0,1,1,4294967295
tile_IWBTG,1472,992,32,32,32,32,0,1,1,4294967295
tile_IWBTG,1440,992,32,32,32,32,0,1,1,4294967295
tile_IWBTG,1408,992,32,32,32,32,0,1,1,4294967295
tile_IWBTG,1216,608,32,32,32,32,0,1,1,4294967295
tile_IWBTG,1248,608,32,32,32,32,0,1,1,4294967295
tile_IWBTG,1280,608,32,32,32,32,0,1,1,4294967295
tile_IWBTG,1312,608,32,32,32,32,0,1,1,4294967295
tile_IWBTG,1344,608,32,32,32,32,0,1,1,4294967295
tile_IWBTG,1376,608,32,32,32,32,0,1,1,4294967295
tile_IWBTG,1408,608,32,32,32,32,0,1,1,4294967295
tile_IWBTG,1440,608,32,32,32,32,0,1,1,4294967295
tile_IWBTG,1472,608,32,32,32,32,0,1,1,4294967295
tile_IWBTG,1504,608,32,32,32,32,0,1,1,4294967295
tile_IWBTG,1536,608,32,32,32,32,0,1,1,4294967295
tile_IWBTG,1568,608,32,32,32,32,0,1,1,4294967295
tile_IWBTG,1568,640,32,32,32,32,0,1,1,4294967295
tile_IWBTG,1568,672,32,32,32,32,0,1,1,4294967295
tile_IWBTG,1568,704,32,32,32,32,0,1,1,4294967295
tile_IWBTG,1568,736,32,32,32,32,0,1,1,4294967295
tile_IWBTG,1568,768,32,32,32,32,0,1,1,4294967295
tile_IWBTG,1568,800,32,32,32,32,0,1,1,4294967295
tile_IWBTG,1568,832,32,32,32,32,0,1,1,4294967295
tile_IWBTG,1568,864,32,32,32,32,0,1,1,4294967295
tile_IWBTG,1568,896,32,32,32,32,0,1,1,4294967295
tile_IWBTG,1568,928,32,32,32,32,0,1,1,4294967295
tile_IWBTG,1568,960,32,32,32,32,0,1,1,4294967295
tile_IWBTG,1344,864,32,32,32,32,0,1,1,4294967295
tile_IWBTG,1312,864,32,32,32,32,0,1,1,4294967295
tile_IWBTG,1280,864,32,32,32,32,0,1,1,4294967295
tile_IWBTG,1248,864,32,32,32,32,0,1,1,4294967295
tile_IWBTG,1216,864,32,32,32,32,0,1,1,4294967295
tile_IWBTG,1088,864,32,32,32,32,0,1,1,4294967295
tile_IWBTG,1056,864,32,32,32,32,0,1,1,4294967295
tile_IWBTG,1024,864,32,32,32,32,0,1,1,4294967295
tile_IWBTG,992,864,32,32,32,32,0,1,1,4294967295
tile_IWBTG,960,864,32,32,32,32,0,1,1,4294967295
tile_IWBTG,512,1088,32,32,32,32,0,1,1,4294967295
tile_IWBTG,512,1120,32,32,32,32,0,1,1,4294967295
tile_IWBTG,256,832,32,32,32,32,0,1,1,4294967295
tile_IWBTG,256,864,32,32,32,32,0,1,1,4294967295
tile_IWBTG,256,896,32,32,32,32,0,1,1,4294967295
tile_IWBTG,256,928,32,32,32,32,0,1,1,4294967295
tile_IWBTG,256,960,32,32,32,32,0,1,1,4294967295
tile_IWBTG,576,864,32,32,32,32,0,1,1,4294967295
tile_IWBTG,576,896,32,32,32,32,0,1,1,4294967295
tile_IWBTG,576,928,32,32,32,32,0,1,1,4294967295
tile_IWBTG,576,960,32,32,32,32,0,1,1,4294967295
tile_IWBTG,576,992,32,32,32,32,0,1,1,4294967295
tile_IWBTG,576,1024,32,32,32,32,0,1,1,4294967295
tile_IWBTG,640,1024,32,32,32,32,0,1,1,4294967295
tile_IWBTG,640,992,32,32,32,32,0,1,1,4294967295
tile_IWBTG,640,960,32,32,32,32,0,1,1,4294967295
tile_IWBTG,640,928,32,32,32,32,0,1,1,4294967295
tile_IWBTG,640,896,32,32,32,32,0,1,1,4294967295
tile_IWBTG,512,672,32,32,32,32,0,1,1,4294967295
tile_IWBTG,512,736,32,32,32,32,0,1,1,4294967295
tile_IWBTG,352,960,64,32,32,32,0,1,1,4294967295
tile_IWBTG,384,960,64,32,32,32,0,1,1,4294967295
tile_IWBTG,416,960,64,32,32,32,0,1,1,4294967295
tile_IWBTG,448,960,64,32,32,32,0,1,1,4294967295
tile_IWBTG,480,960,64,32,32,32,0,1,1,4294967295
tile_IWBTG,512,960,64,32,32,32,0,1,1,4294967295
tile_IWBTG,544,960,64,32,32,32,0,1,1,4294967295
tile_IWBTG,576,832,64,32,32,32,0,1,1,4294967295
tile_IWBTG,512,1056,64,32,32,32,0,1,1,4294967295
tile_IWBTG,288,1120,64,32,32,32,0,1,1,4294967295
tile_IWBTG,320,1120,64,32,32,32,0,1,1,4294967295
tile_IWBTG,352,1120,64,32,32,32,0,1,1,4294967295
tile_IWBTG,544,1120,64,32,32,32,0,1,1,4294967295
tile_IWBTG,576,1120,64,32,32,32,0,1,1,4294967295
tile_IWBTG,608,1120,64,32,32,32,0,1,1,4294967295
tile_IWBTG,640,1120,64,32,32,32,0,1,1,4294967295
tile_IWBTG,768,1120,64,32,32,32,0,1,1,4294967295
tile_IWBTG,800,1120,64,32,32,32,0,1,1,4294967295
tile_IWBTG,832,1120,64,32,32,32,0,1,1,4294967295
tile_IWBTG,864,1120,64,32,32,32,0,1,1,4294967295
tile_IWBTG,896,1120,64,32,32,32,0,1,1,4294967295
tile_IWBTG,928,1120,64,32,32,32,0,1,1,4294967295
tile_IWBTG,960,1056,64,32,32,32,0,1,1,4294967295
tile_IWBTG,832,928,64,32,32,32,0,1,1,4294967295
tile_IWBTG,864,928,64,32,32,32,0,1,1,4294967295
tile_IWBTG,640,864,64,32,32,32,0,1,1,4294967295
tile_IWBTG,672,864,64,32,32,32,0,1,1,4294967295
tile_IWBTG,704,864,64,32,32,32,0,1,1,4294967295
tile_IWBTG,928,832,64,32,32,32,0,1,1,4294967295
tile_IWBTG,960,832,64,32,32,32,0,1,1,4294967295
tile_IWBTG,1088,832,64,32,32,32,0,1,1,4294967295
tile_IWBTG,1120,832,64,32,32,32,0,1,1,4294967295
tile_IWBTG,1184,832,64,32,32,32,0,1,1,4294967295
tile_IWBTG,1216,832,64,32,32,32,0,1,1,4294967295
tile_IWBTG,1344,832,64,32,32,32,0,1,1,4294967295
tile_IWBTG,1376,832,64,32,32,32,0,1,1,4294967295
tile_IWBTG,1120,928,64,32,32,32,0,1,1,4294967295
tile_IWBTG,1152,928,64,32,32,32,0,1,1,4294967295
tile_IWBTG,1216,1056,64,32,32,32,0,1,1,4294967295
tile_IWBTG,832,832,224,96,32,32,0,1,1,4294967295
tile_IWBTG,864,832,224,96,32,32,0,1,1,4294967295
tile_IWBTG,896,832,224,96,32,32,0,1,1,4294967295
tile_IWBTG,768,576,64,32,32,32,0,1,1,4294967295
tile_IWBTG,800,576,64,32,32,32,0,1,1,4294967295
tile_IWBTG,832,576,64,32,32,32,0,1,1,4294967295
tile_IWBTG,864,576,64,32,32,32,0,1,1,4294967295
tile_IWBTG,896,576,64,32,32,32,0,1,1,4294967295
tile_IWBTG,928,576,64,32,32,32,0,1,1,4294967295
tile_IWBTG,960,576,64,32,32,32,0,1,1,4294967295
tile_IWBTG,992,576,64,32,32,32,0,1,1,4294967295
tile_IWBTG,1024,576,64,32,32,32,0,1,1,4294967295
tile_IWBTG,1088,576,64,32,32,32,0,1,1,4294967295
tile_IWBTG,1216,576,64,32,32,32,0,1,1,4294967295
tile_IWBTG,1248,576,64,32,32,32,0,1,1,4294967295
tile_IWBTG,1280,576,64,32,32,32,0,1,1,4294967295
tile_IWBTG,1312,576,64,32,32,32,0,1,1,4294967295
tile_IWBTG,1344,576,64,32,32,32,0,1,1,4294967295
tile_IWBTG,1376,576,64,32,32,32,0,1,1,4294967295
tile_IWBTG,1408,576,64,32,32,32,0,1,1,4294967295
tile_IWBTG,1440,576,64,32,32,32,0,1,1,4294967295
tile_IWBTG,1472,576,64,32,32,32,0,1,1,4294967295
tile_IWBTG,1504,576,64,32,32,32,0,1,1,4294967295
tile_IWBTG,1536,576,64,32,32,32,0,1,1,4294967295
tile_IWBTG,1440,448,64,32,32,32,0,1,1,4294967295
tile_IWBTG,1056,544,64,32,32,32,0,1,1,4294967295
tile_IWBTG,1056,576,32,32,32,32,0,1,1,4294967295
tile_IWBTG,1568,576,32,32,32,32,0,1,1,4294967295
tile_IWBTG,1568,544,32,32,32,32,0,1,1,4294967295
tile_IWBTG,1568,512,32,32,32,32,0,1,1,4294967295
tile_IWBTG,1568,480,32,32,32,32,0,1,1,4294967295
tile_IWBTG,1568,448,32,32,32,32,0,1,1,4294967295
tile_IWBTG,1568,352,32,32,32,32,0,1,1,4294967295
tile_IWBTG,1568,320,32,32,32,32,0,1,1,4294967295
tile_IWBTG,1568,288,32,32,32,32,0,1,1,4294967295
tile_IWBTG,1568,256,32,32,32,32,0,1,1,4294967295
tile_IWBTG,1568,224,32,32,32,32,0,1,1,4294967295
tile_IWBTG,1568,192,32,32,32,32,0,1,1,4294967295
tile_IWBTG,1568,64,32,32,32,32,0,1,1,4294967295
tile_IWBTG,1568,32,32,32,32,32,0,1,1,4294967295
tile_IWBTG,1568,0,32,32,32,32,0,1,1,4294967295
tile_IWBTG,1536,0,32,32,32,32,0,1,1,4294967295
tile_IWBTG,1504,0,32,32,32,32,0,1,1,4294967295
tile_IWBTG,1472,0,32,32,32,32,0,1,1,4294967295
tile_IWBTG,1440,0,32,32,32,32,0,1,1,4294967295
tile_IWBTG,1344,0,32,32,32,32,0,1,1,4294967295
tile_IWBTG,1312,0,32,32,32,32,0,1,1,4294967295
tile_IWBTG,1280,0,32,32,32,32,0,1,1,4294967295
tile_IWBTG,1248,0,32,32,32,32,0,1,1,4294967295
tile_IWBTG,1216,0,32,32,32,32,0,1,1,4294967295
tile_IWBTG,1184,0,32,32,32,32,0,1,1,4294967295
tile_IWBTG,1152,0,32,32,32,32,0,1,1,4294967295
tile_IWBTG,1120,0,32,32,32,32,0,1,1,4294967295
tile_IWBTG,1088,0,32,32,32,32,0,1,1,4294967295
tile_IWBTG,1056,0,32,32,32,32,0,1,1,4294967295
tile_IWBTG,1024,0,32,32,32,32,0,1,1,4294967295
tile_IWBTG,992,0,32,32,32,32,0,1,1,4294967295
tile_IWBTG,960,0,32,32,32,32,0,1,1,4294967295
tile_IWBTG,928,0,32,32,32,32,0,1,1,4294967295
tile_IWBTG,896,0,32,32,32,32,0,1,1,4294967295
tile_IWBTG,864,0,32,32,32,32,0,1,1,4294967295
tile_IWBTG,832,0,32,32,32,32,0,1,1,4294967295
tile_IWBTG,800,0,32,32,32,32,0,1,1,4294967295
tile_IWBTG,768,0,32,32,32,32,0,1,1,4294967295
tile_IWBTG,768,32,32,32,32,32,0,1,1,4294967295
tile_IWBTG,768,64,32,32,32,32,0,1,1,4294967295
tile_IWBTG,768,96,32,32,32,32,0,1,1,4294967295
tile_IWBTG,768,128,32,32,32,32,0,1,1,4294967295
tile_IWBTG,768,160,32,32,32,32,0,1,1,4294967295
tile_IWBTG,768,192,32,32,32,32,0,1,1,4294967295
tile_IWBTG,768,224,32,32,32,32,0,1,1,4294967295
tile_IWBTG,768,256,32,32,32,32,0,1,1,4294967295
tile_IWBTG,768,288,32,32,32,32,0,1,1,4294967295
tile_IWBTG,768,320,32,32,32,32,0,1,1,4294967295
tile_IWBTG,768,352,32,32,32,32,0,1,1,4294967295
tile_IWBTG,768,384,32,32,32,32,0,1,1,4294967295
tile_IWBTG,800,32,32,32,32,32,0,1,1,4294967295
tile_IWBTG,800,64,32,32,32,32,0,1,1,4294967295
tile_IWBTG,800,96,32,32,32,32,0,1,1,4294967295
tile_IWBTG,800,128,32,32,32,32,0,1,1,4294967295
tile_IWBTG,800,160,32,32,32,32,0,1,1,4294967295
tile_IWBTG,800,192,32,32,32,32,0,1,1,4294967295
tile_IWBTG,800,224,32,32,32,32,0,1,1,4294967295
tile_IWBTG,800,256,32,32,32,32,0,1,1,4294967295
tile_IWBTG,800,288,32,32,32,32,0,1,1,4294967295
tile_IWBTG,800,320,32,32,32,32,0,1,1,4294967295
tile_IWBTG,800,352,32,32,32,32,0,1,1,4294967295
tile_IWBTG,800,384,32,32,32,32,0,1,1,4294967295
tile_IWBTG,1216,448,32,32,32,32,0,1,1,4294967295
tile_IWBTG,1216,416,32,32,32,32,0,1,1,4294967295
tile_IWBTG,1216,384,32,32,32,32,0,1,1,4294967295
tile_IWBTG,1216,352,32,32,32,32,0,1,1,4294967295
tile_IWBTG,1216,320,32,32,32,32,0,1,1,4294967295
tile_IWBTG,1216,288,32,32,32,32,0,1,1,4294967295
tile_IWBTG,1216,256,64,32,32,32,0,1,1,4294967295
tile_IWBTG,1248,256,64,32,32,32,0,1,1,4294967295
tile_IWBTG,1280,256,64,32,32,32,0,1,1,4294967295
tile_IWBTG,1312,256,64,32,32,32,0,1,1,4294967295
tile_IWBTG,1344,256,64,32,32,32,0,1,1,4294967295
tile_IWBTG,1376,256,64,32,32,32,0,1,1,4294967295
tile_IWBTG,1408,256,64,32,32,32,0,1,1,4294967295
tile_IWBTG,1440,256,64,32,32,32,0,1,1,4294967295
tile_IWBTG,1472,256,64,32,32,32,0,1,1,4294967295
tile_IWBTG,1504,256,64,32,32,32,0,1,1,4294967295
tile_IWBTG,1536,256,64,32,32,32,0,1,1,4294967295
tile_IWBTG,1248,448,64,32,32,32,0,1,1,4294967295
tile_IWBTG,832,384,64,32,32,32,0,1,1,4294967295
tile_IWBTG,864,384,64,32,32,32,0,1,1,4294967295
tile_IWBTG,896,384,64,32,32,32,0,1,1,4294967295
tile_IWBTG,928,384,64,32,32,32,0,1,1,4294967295
tile_IWBTG,960,384,64,32,32,32,0,1,1,4294967295
tile_IWBTG,992,384,64,32,32,32,0,1,1,4294967295
tile_IWBTG,1024,384,64,32,32,32,0,1,1,4294967295
tile_IWBTG,1056,384,64,32,32,32,0,1,1,4294967295
tile_IWBTG,1056,416,32,32,32,32,0,1,1,4294967295
tile_IWBTG,64,416,416,64,32,64,0,1,1,4294967295
tile_IWBTG,224,448,416,64,32,64,0,1,1,4294967295
tile_IWBTG,256,416,416,64,32,64,0,1,1,4294967295
tile_IWBTG,288,416,448,64,32,64,0,1,1,4294967295
tile_IWBTG,320,448,448,64,32,64,0,1,1,4294967295
tile_IWBTG,128,416,448,64,32,64,0,1,1,4294967295
tile_IWBTG,352,352,416,128,32,32,0,1,1,4294967295
tile_IWBTG,160,320,416,128,32,32,0,1,1,4294967295
tile_IWBTG,224,320,448,128,32,32,0,1,1,4294967295
tile_IWBTG,416,352,448,128,32,32,0,1,1,4294967295
tile_IWBTG,128,288,64,32,32,32,0,1,1,4294967295
tile_IWBTG,160,288,64,32,32,32,0,1,1,4294967295
tile_IWBTG,192,288,64,32,32,32,0,1,1,4294967295
tile_IWBTG,224,288,64,32,32,32,0,1,1,4294967295
tile_IWBTG,256,288,64,32,32,32,0,1,1,4294967295
tile_IWBTG,352,320,64,32,32,32,0,1,1,4294967295
tile_IWBTG,416,320,64,32,32,32,0,1,1,4294967295
tile_IWBTG,352,480,64,32,32,32,0,1,1,4294967295
tile_IWBTG,384,480,64,32,32,32,0,1,1,4294967295
tile_IWBTG,512,480,64,32,32,32,0,1,1,4294967295
tile_IWBTG,160,480,64,32,32,32,0,1,1,4294967295
tile_IWBTG,192,480,64,32,32,32,0,1,1,4294967295
tile_IWBTG,96,480,64,32,32,32,0,1,1,4294967295
tile_IWBTG,64,480,32,32,32,32,0,1,1,4294967295
tile_IWBTG,128,480,32,32,32,32,0,1,1,4294967295
tile_IWBTG,256,480,32,32,32,32,0,1,1,4294967295
tile_IWBTG,288,480,32,32,32,32,0,1,1,4294967295
tile_IWBTG,192,320,32,32,32,32,0,1,1,4294967295
tile_IWBTG,0,480,32,32,32,32,0,1,1,4294967295
tile_IWBTG,0,448,32,32,32,32,0,1,1,4294967295
tile_IWBTG,0,416,32,32,32,32,0,1,1,4294967295
tile_IWBTG,0,384,32,32,32,32,0,1,1,4294967295
tile_IWBTG,0,352,32,32,32,32,0,1,1,4294967295
tile_IWBTG,0,320,32,32,32,32,0,1,1,4294967295
tile_IWBTG,0,288,32,32,32,32,0,1,1,4294967295
tile_IWBTG,0,256,32,32,32,32,0,1,1,4294967295
tile_IWBTG,0,224,32,32,32,32,0,1,1,4294967295
tile_IWBTG,0,192,32,32,32,32,0,1,1,4294967295
tile_IWBTG,0,64,32,32,32,32,0,1,1,4294967295
tile_IWBTG,0,32,32,32,32,32,0,1,1,4294967295
tile_IWBTG,0,0,32,32,32,32,0,1,1,4294967295
tile_IWBTG,32,0,32,32,32,32,0,1,1,4294967295
tile_IWBTG,64,0,32,32,32,32,0,1,1,4294967295
tile_IWBTG,96,0,32,32,32,32,0,1,1,4294967295
tile_IWBTG,128,0,32,32,32,32,0,1,1,4294967295
tile_IWBTG,192,0,32,32,32,32,0,1,1,4294967295
tile_IWBTG,224,0,32,32,32,32,0,1,1,4294967295
tile_IWBTG,256,0,32,32,32,32,0,1,1,4294967295
tile_IWBTG,288,0,32,32,32,32,0,1,1,4294967295
tile_IWBTG,320,0,32,32,32,32,0,1,1,4294967295
tile_IWBTG,352,0,32,32,32,32,0,1,1,4294967295
tile_IWBTG,384,0,32,32,32,32,0,1,1,4294967295
tile_IWBTG,416,0,32,32,32,32,0,1,1,4294967295
tile_IWBTG,448,0,32,32,32,32,0,1,1,4294967295
tile_IWBTG,480,0,32,32,32,32,0,1,1,4294967295
tile_IWBTG,512,0,32,32,32,32,0,1,1,4294967295
tile_IWBTG,160,0,32,32,32,32,0,1,1,4294967295
tile_IWBTG,544,0,32,32,32,32,0,1,1,4294967295
tile_IWBTG,576,0,32,32,32,32,0,1,1,4294967295
tile_IWBTG,608,0,32,32,32,32,0,1,1,4294967295
tile_IWBTG,640,0,32,32,32,32,0,1,1,4294967295
tile_IWBTG,672,0,32,32,32,32,0,1,1,4294967295
tile_IWBTG,704,0,32,32,32,32,0,1,1,4294967295
tile_IWBTG,736,0,32,32,32,32,0,1,1,4294967295
tile_IWBTG,576,288,416,64,32,64,0,1,1,4294967295
tile_IWBTG,608,256,416,64,32,64,0,1,1,4294967295
tile_IWBTG,640,224,416,64,32,64,0,1,1,4294967295
tile_IWBTG,672,192,416,64,32,64,0,1,1,4294967295
tile_IWBTG,704,160,416,64,32,64,0,1,1,4294967295
tile_IWBTG,736,128,416,64,32,64,0,1,1,4294967295
tile_IWBTG,672,32,416,128,32,32,0,1,1,4294967295
tile_IWBTG,704,64,416,128,32,32,0,1,1,4294967295
tile_IWBTG,736,96,416,128,32,32,0,1,1,4294967295
tile_IWBTG,96,32,448,128,32,32,0,1,1,4294967295
tile_IWBTG,64,64,448,128,32,32,0,1,1,4294967295
tile_IWBTG,64,160,448,64,32,64,0,1,1,4294967295
tile_IWBTG,96,192,448,64,32,32,0,1,1,4294967295
tile_IWBTG,544,320,416,64,32,32,0,1,1,4294967295
tile_IWBTG,64,32,32,32,32,32,0,1,1,4294967295
tile_IWBTG,32,32,32,32,32,32,0,1,1,4294967295
tile_IWBTG,32,64,32,32,32,32,0,1,1,4294967295
tile_IWBTG,32,192,32,32,32,32,0,1,1,4294967295
tile_IWBTG,608,320,32,32,32,32,0,1,1,4294967295
tile_IWBTG,640,320,32,32,32,32,0,1,1,4294967295
tile_IWBTG,672,320,32,32,32,32,0,1,1,4294967295
tile_IWBTG,704,320,32,32,32,32,0,1,1,4294967295
tile_IWBTG,736,320,32,32,32,32,0,1,1,4294967295
tile_IWBTG,640,288,32,32,32,32,0,1,1,4294967295
tile_IWBTG,672,288,32,32,32,32,0,1,1,4294967295
tile_IWBTG,704,288,32,32,32,32,0,1,1,4294967295
tile_IWBTG,736,288,32,32,32,32,0,1,1,4294967295
tile_IWBTG,672,256,32,32,32,32,0,1,1,4294967295
tile_IWBTG,704,256,32,32,32,32,0,1,1,4294967295
tile_IWBTG,736,256,32,32,32,32,0,1,1,4294967295
tile_IWBTG,736,224,32,32,32,32,0,1,1,4294967295
tile_IWBTG,736,192,32,32,32,32,0,1,1,4294967295
tile_IWBTG,704,224,32,32,32,32,0,1,1,4294967295
tile_IWBTG,736,64,32,32,32,32,0,1,1,4294967295
tile_IWBTG,736,32,32,32,32,32,0,1,1,4294967295
tile_IWBTG,704,32,32,32,32,32,0,1,1,4294967295
tile_IWBTG,928,96,64,32,32,32,0,1,1,4294967295
tile_IWBTG,960,96,64,32,32,32,0,1,1,4294967295
tile_IWBTG,992,96,64,32,32,32,0,1,1,4294967295
tile_IWBTG,1024,96,64,32,32,32,0,1,1,4294967295
tile_IWBTG,1056,96,64,32,32,32,0,1,1,4294967295
tile_IWBTG,832,160,64,32,32,32,0,1,1,4294967295
tile_IWBTG,864,160,64,32,32,32,0,1,1,4294967295
tile_IWBTG,864,256,64,32,32,32,0,1,1,4294967295
tile_IWBTG,896,256,64,32,32,32,0,1,1,4294967295
tile_IWBTG,928,256,32,32,32,32,0,1,1,4294967295
tile_IWBTG,928,224,32,32,32,32,0,1,1,4294967295
tile_IWBTG,928,192,32,32,32,32,0,1,1,4294967295
tile_IWBTG,928,160,32,32,32,32,0,1,1,4294967295
tile_IWBTG,928,128,32,32,32,32,0,1,1,4294967295
tile_IWBTG,1088,96,64,32,32,32,0,1,1,4294967295
tile_IWBTG,992,160,64,32,32,32,0,1,1,4294967295
tile_IWBTG,1056,160,64,32,32,32,0,1,1,4294967295
tile_IWBTG,1088,160,64,32,32,32,0,1,1,4294967295
tile_IWBTG,1120,160,64,32,32,32,0,1,1,4294967295
tile_IWBTG,1024,160,64,32,32,32,0,1,1,4294967295
tile_IWBTG,1120,96,64,32,32,32,0,1,1,4294967295
tile_IWBTG,960,224,64,32,32,32,0,1,1,4294967295
tile_IWBTG,992,224,64,32,32,32,0,1,1,4294967295
tile_IWBTG,1024,224,64,32,32,32,0,1,1,4294967295
tile_IWBTG,160,832,32,32,32,32,0,1,1,4294967295
tile_IWBTG,160,864,32,32,32,32,0,1,1,4294967295
tile_IWBTG,192,864,32,32,32,32,0,1,1,4294967295
tile_IWBTG,224,864,32,32,32,32,0,1,1,4294967295
tile_IWBTG,256,800,0,32,32,32,0,1,1,4294967295
tile_IWBTG,160,800,0,32,32,32,0,1,1,4294967295
tile_IWBTG,64,800,0,32,32,32,0,1,1,4294967295
tile_IWBTG,32,800,0,32,32,32,0,1,1,4294967295
tile_IWBTG,0,832,32,32,32,32,0,1,1,4294967295
tile_IWBTG,32,832,32,32,32,32,0,1,1,4294967295
tile_IWBTG,64,832,32,32,32,32,0,1,1,4294967295
tile_IWBTG,224,896,32,32,32,32,0,1,1,4294967295
tile_IWBTG,192,896,32,32,32,32,0,1,1,4294967295
tile_IWBTG,160,896,32,32,32,32,0,1,1,4294967295
tile_IWBTG,64,896,32,32,32,32,0,1,1,4294967295
tile_IWBTG,32,896,32,32,32,32,0,1,1,4294967295
tile_IWBTG,0,896,32,32,32,32,0,1,1,4294967295
tile_IWBTG,0,864,32,32,32,32,0,1,1,4294967295
tile_IWBTG,32,864,32,32,32,32,0,1,1,4294967295
tile_IWBTG,64,864,32,32,32,32,0,1,1,4294967295
tile_IWBTG,0,800,32,32,32,32,0,1,1,4294967295
tile_IWBTG,0,768,32,32,32,32,0,1,1,4294967295
tile_IWBTG,0,736,32,32,32,32,0,1,1,4294967295
tile_IWBTG,0,704,32,32,32,32,0,1,1,4294967295
tile_IWBTG,0,672,32,32,32,32,0,1,1,4294967295
tile_IWBTG,0,640,32,32,32,32,0,1,1,4294967295
tile_IWBTG,0,608,32,32,32,32,0,1,1,4294967295
tile_IWBTG,0,576,32,32,32,32,0,1,1,4294967295
tile_IWBTG,0,544,32,32,32,32,0,1,1,4294967295
tile_IWBTG,0,512,32,32,32,32,0,1,1,4294967295
tile_IWBTG,0,928,32,32,32,32,0,1,1,4294967295
tile_IWBTG,32,928,32,32,32,32,0,1,1,4294967295
tile_IWBTG,64,928,32,32,32,32,0,1,1,4294967295
tile_IWBTG,192,928,32,32,32,32,0,1,1,4294967295
tile_IWBTG,224,928,32,32,32,32,0,1,1,4294967295
tile_IWBTG,224,960,32,32,32,32,0,1,1,4294967295
tile_IWBTG,192,960,32,32,32,32,0,1,1,4294967295
tile_IWBTG,160,960,32,32,32,32,0,1,1,4294967295
tile_IWBTG,160,928,32,32,32,32,0,1,1,4294967295
tile_IWBTG,0,960,32,32,32,32,0,1,1,4294967295
tile_IWBTG,32,960,32,32,32,32,0,1,1,4294967295
tile_IWBTG,64,960,32,32,32,32,0,1,1,4294967295
tile_IWBTG,0,992,32,32,32,32,0,1,1,4294967295
tile_IWBTG,32,992,32,32,32,32,0,1,1,4294967295
tile_IWBTG,64,992,32,32,32,32,0,1,1,4294967295
tile_IWBTG,64,1024,32,32,32,32,0,1,1,4294967295
tile_IWBTG,32,1024,32,32,32,32,0,1,1,4294967295
tile_IWBTG,0,1024,32,32,32,32,0,1,1,4294967295
tile_IWBTG,0,1056,32,32,32,32,0,1,1,4294967295
tile_IWBTG,32,1056,32,32,32,32,0,1,1,4294967295
tile_IWBTG,64,1056,32,32,32,32,0,1,1,4294967295
tile_IWBTG,64,1088,32,32,32,32,0,1,1,4294967295
tile_IWBTG,32,1088,32,32,32,32,0,1,1,4294967295
tile_IWBTG,0,1088,32,32,32,32,0,1,1,4294967295
tile_IWBTG,0,1120,32,32,32,32,0,1,1,4294967295
tile_IWBTG,32,1120,32,32,32,32,0,1,1,4294967295
tile_IWBTG,64,1120,32,32,32,32,0,1,1,4294967295
tile_IWBTG,0,1152,32,32,32,32,0,1,1,4294967295
tile_IWBTG,0,1184,32,32,32,32,0,1,1,4294967295
tile_IWBTG,32,1184,32,32,32,32,0,1,1,4294967295
tile_IWBTG,32,1152,32,32,32,32,0,1,1,4294967295
tile_IWBTG,64,1152,32,32,32,32,0,1,1,4294967295
tile_IWBTG,64,1184,32,32,32,32,0,1,1,4294967295
tile_IWBTG,160,1184,32,32,32,32,0,1,1,4294967295
tile_IWBTG,160,1152,32,32,32,32,0,1,1,4294967295
tile_IWBTG,192,1152,32,32,32,32,0,1,1,4294967295
tile_IWBTG,192,1184,32,32,32,32,0,1,1,4294967295
tile_IWBTG,224,1152,32,32,32,32,0,1,1,4294967295
tile_IWBTG,224,1184,32,32,32,32,0,1,1,4294967295
tile_IWBTG,256,1184,32,32,32,32,0,1,1,4294967295
tile_IWBTG,256,1152,32,32,32,32,0,1,1,4294967295
tile_IWBTG,288,1184,32,32,32,32,0,1,1,4294967295
tile_IWBTG,320,1184,32,32,32,32,0,1,1,4294967295
tile_IWBTG,352,1184,32,32,32,32,0,1,1,4294967295
tile_IWBTG,352,1152,32,32,32,32,0,1,1,4294967295
tile_IWBTG,320,1152,32,32,32,32,0,1,1,4294967295
tile_IWBTG,288,1152,32,32,32,32,0,1,1,4294967295
tile_IWBTG,384,160,64,32,32,32,0,1,1,4294967295
tile_IWBTG,416,160,64,32,32,32,0,1,1,4294967295
tile_IWBTG,448,192,64,32,32,32,0,1,1,4294967295
tile_IWBTG,512,192,64,32,32,32,0,1,1,4294967295
tile_IWBTG,544,160,64,32,32,32,0,1,1,4294967295
tile_IWBTG,576,160,64,32,32,32,0,1,1,4294967295
tile_IWBTG,416,192,32,32,32,32,0,1,1,4294967295
tile_IWBTG,544,192,32,32,32,32,0,1,1,4294967295
tile_IWBTG,320,160,64,32,32,32,0,1,1,4294967295
tile_IWBTG,352,224,64,32,32,32,0,1,1,4294967295
tile_IWBTG,32,1792,160,288,32,32,0,1,1,4294967295
tile_IWBTG,64,1792,160,288,32,32,0,1,1,4294967295
tile_IWBTG,96,1792,160,288,32,32,0,1,1,4294967295
tile_IWBTG,128,1792,160,288,32,32,0,1,1,4294967295
tile_IWBTG,160,1792,160,288,32,32,0,1,1,4294967295
tile_IWBTG,192,1792,160,288,32,32,0,1,1,4294967295
tile_IWBTG,224,1792,160,288,32,32,0,1,1,4294967295
tile_IWBTG,256,1792,160,288,32,32,0,1,1,4294967295
tile_IWBTG,96,1248,160,320,32,32,0,1,1,4294967295
tile_IWBTG,64,1248,160,320,32,32,0,1,1,4294967295
tile_IWBTG,32,1248,160,320,32,32,0,1,1,4294967295
tile_IWBTG,160,1248,160,320,32,32,0,1,1,4294967295
tile_IWBTG,192,1248,160,320,32,32,0,1,1,4294967295
tile_IWBTG,224,1248,160,320,32,32,0,1,1,4294967295
tile_IWBTG,256,1248,160,320,32,32,0,1,1,4294967295
tile_IWBTG,0,1248,128,320,32,32,0,1,1,4294967295
tile_IWBTG,0,1280,128,320,32,32,0,1,1,4294967295
tile_IWBTG,0,1312,128,320,32,32,0,1,1,4294967295
tile_IWBTG,0,1344,128,320,32,32,0,1,1,4294967295
tile_IWBTG,0,1376,128,320,32,32,0,1,1,4294967295
tile_IWBTG,0,1408,128,320,32,32,0,1,1,4294967295
tile_IWBTG,0,1440,128,320,32,32,0,1,1,4294967295
tile_IWBTG,0,1472,128,320,32,32,0,1,1,4294967295
tile_IWBTG,0,1504,128,320,32,32,0,1,1,4294967295
tile_IWBTG,0,1536,128,320,32,32,0,1,1,4294967295
tile_IWBTG,0,1568,128,320,32,32,0,1,1,4294967295
tile_IWBTG,0,1600,128,320,32,32,0,1,1,4294967295
tile_IWBTG,0,1632,128,320,32,32,0,1,1,4294967295
tile_IWBTG,0,1664,128,320,32,32,0,1,1,4294967295
tile_IWBTG,0,1216,128,320,32,32,0,1,1,4294967295
tile_IWBTG,32,1216,128,320,32,32,0,1,1,4294967295
tile_IWBTG,64,1216,128,320,32,32,0,1,1,4294967295
tile_IWBTG,96,1216,128,320,32,32,0,1,1,4294967295
tile_IWBTG,160,1216,128,320,32,32,0,1,1,4294967295
tile_IWBTG,192,1216,128,320,32,32,0,1,1,4294967295
tile_IWBTG,224,1216,128,320,32,32,0,1,1,4294967295
tile_IWBTG,256,1216,128,320,32,32,0,1,1,4294967295
tile_IWBTG,192,1760,224,320,64,32,0,1,1,4294967295
tile_IWBTG,288,1792,128,320,32,32,0,1,1,4294967295
tile_IWBTG,288,1760,128,320,32,32,0,1,1,4294967295
tile_IWBTG,288,1728,128,320,32,32,0,1,1,4294967295
tile_IWBTG,288,1696,128,320,32,32,0,1,1,4294967295
tile_IWBTG,288,1664,128,320,32,32,0,1,1,4294967295
tile_IWBTG,288,1632,128,320,32,32,0,1,1,4294967295
tile_IWBTG,288,1600,128,320,32,32,0,1,1,4294967295
tile_IWBTG,288,1568,128,320,32,32,0,1,1,4294967295
tile_IWBTG,288,1536,128,320,32,32,0,1,1,4294967295
tile_IWBTG,288,1504,128,320,32,32,0,1,1,4294967295
tile_IWBTG,288,1216,128,320,32,32,0,1,1,4294967295
tile_IWBTG,128,1408,160,288,32,32,0,1,1,4294967295
tile_IWBTG,160,1408,160,288,32,32,0,1,1,4294967295
tile_IWBTG,128,1440,160,320,32,32,0,1,1,4294967295
tile_IWBTG,160,1440,160,320,32,32,0,1,1,4294967295
tile_IWBTG,288,1248,160,320,32,32,0,1,1,4294967295
tile_IWBTG,288,1472,160,288,32,32,0,1,1,4294967295
tile_IWBTG,320,1792,0,32,32,32,0,1,1,4294967295
tile_IWBTG,352,1792,0,32,32,32,0,1,1,4294967295
tile_IWBTG,384,1792,0,32,32,32,0,1,1,4294967295
tile_IWBTG,416,1792,0,32,32,32,0,1,1,4294967295
tile_IWBTG,448,1792,0,32,32,32,0,1,1,4294967295
tile_IWBTG,480,1792,0,32,32,32,0,1,1,4294967295
tile_IWBTG,512,1792,0,32,32,32,0,1,1,4294967295
tile_IWBTG,544,1792,0,32,32,32,0,1,1,4294967295
tile_IWBTG,576,1792,0,32,32,32,0,1,1,4294967295
tile_IWBTG,608,1792,0,32,32,32,0,1,1,4294967295
tile_IWBTG,640,1792,0,32,32,32,0,1,1,4294967295
tile_IWBTG,672,1792,0,32,32,32,0,1,1,4294967295
tile_IWBTG,704,1792,0,32,32,32,0,1,1,4294967295
tile_IWBTG,736,1792,0,32,32,32,0,1,1,4294967295
tile_IWBTG,768,1792,0,32,32,32,0,1,1,4294967295
tile_IWBTG,800,1792,0,32,32,32,0,1,1,4294967295
tile_IWBTG,832,1792,0,32,32,32,0,1,1,4294967295
tile_IWBTG,864,1792,0,32,32,32,0,1,1,4294967295
tile_IWBTG,896,1792,0,32,32,32,0,1,1,4294967295
tile_IWBTG,1088,1792,0,32,32,32,0,1,1,4294967295
tile_IWBTG,1120,1792,0,32,32,32,0,1,1,4294967295
tile_IWBTG,1152,1792,0,32,32,32,0,1,1,4294967295
tile_IWBTG,1184,1792,0,32,32,32,0,1,1,4294967295
tile_IWBTG,1216,1792,0,32,32,32,0,1,1,4294967295
tile_IWBTG,1248,1792,0,32,32,32,0,1,1,4294967295
tile_IWBTG,1280,1632,0,32,32,32,0,1,1,4294967295
tile_IWBTG,1312,1632,0,32,32,32,0,1,1,4294967295
tile_IWBTG,1344,1632,0,32,32,32,0,1,1,4294967295
tile_IWBTG,1376,1632,0,32,32,32,0,1,1,4294967295
tile_IWBTG,1408,1632,0,32,32,32,0,1,1,4294967295
tile_IWBTG,1440,1632,0,32,32,32,0,1,1,4294967295
tile_IWBTG,1472,1632,0,32,32,32,0,1,1,4294967295
tile_IWBTG,1504,1632,0,32,32,32,0,1,1,4294967295
tile_IWBTG,1536,1632,0,32,32,32,0,1,1,4294967295
tile_IWBTG,1568,1632,32,32,32,32,0,1,1,4294967295
tile_IWBTG,1568,1600,32,32,32,32,0,1,1,4294967295
tile_IWBTG,1568,1568,32,32,32,32,0,1,1,4294967295
tile_IWBTG,1568,1536,32,32,32,32,0,1,1,4294967295
tile_IWBTG,1568,1504,32,32,32,32,0,1,1,4294967295
tile_IWBTG,1568,1472,32,32,32,32,0,1,1,4294967295
tile_IWBTG,1568,1440,32,32,32,32,0,1,1,4294967295
tile_IWBTG,1568,1408,32,32,32,32,0,1,1,4294967295
tile_IWBTG,1568,1376,32,32,32,32,0,1,1,4294967295
tile_IWBTG,1568,1344,32,32,32,32,0,1,1,4294967295
tile_IWBTG,1568,1312,32,32,32,32,0,1,1,4294967295
tile_IWBTG,1568,1280,32,32,32,32,0,1,1,4294967295
tile_IWBTG,1568,1248,32,32,32,32,0,1,1,4294967295
tile_IWBTG,1568,1216,32,32,32,32,0,1,1,4294967295
tile_Rainbow,960,1536,0,0,32,32,0,1,1,4294967295
tile_Rainbow,992,1536,0,0,32,32,0,1,1,4294967295
tile_Rainbow,1024,1536,0,0,32,32,0,1,1,4294967295
tile_Rainbow,1056,1536,0,0,32,32,0,1,1,4294967295
tile_Rainbow,1088,1536,0,0,32,32,0,1,1,4294967295
tile_Rainbow,1120,1536,0,0,32,32,0,1,1,4294967295
tile_Rainbow,1152,1536,0,0,32,32,0,1,1,4294967295
tile_Rainbow,1184,1536,0,0,32,32,0,1,1,4294967295
tile_Rainbow,992,1440,0,0,32,32,0,1,1,4294967295
tile_Rainbow,1152,1440,0,0,32,32,0,1,1,4294967295
tile_Rainbow,1280,1376,32,0,32,32,0,1,1,4294967295
tile_Rainbow,1280,1408,32,0,32,32,0,1,1,4294967295
tile_Rainbow,1312,1408,32,0,32,32,0,1,1,4294967295
tile_Rainbow,1344,1408,32,0,32,32,0,1,1,4294967295
tile_Rainbow,1408,1408,32,0,32,32,0,1,1,4294967295
tile_Rainbow,1440,1408,32,0,32,32,0,1,1,4294967295
tile_Rainbow,1472,1408,32,0,32,32,0,1,1,4294967295
tile_Rainbow,1504,1408,32,0,32,32,0,1,1,4294967295
tile_Rainbow,1536,1408,32,0,32,32,0,1,1,4294967295
tile_Rainbow,1376,1408,32,0,32,32,0,1,1,4294967295
tile_Rainbow,480,1344,64,0,32,32,0,1,1,4294967295
tile_Rainbow,480,1216,64,0,32,32,0,1,1,4294967295
tile_Rainbow,480,1248,64,0,32,32,0,1,1,4294967295
tile_Rainbow,480,1280,64,0,32,32,0,1,1,4294967295
tile_Rainbow,480,1312,64,0,32,32,0,1,1,4294967295
tile_Rainbow,480,1376,64,0,32,32,0,1,1,4294967295
tile_Rainbow,480,1408,64,0,32,32,0,1,1,4294967295
tile_Rainbow,512,1408,64,0,32,32,0,1,1,4294967295
tile_Rainbow,544,1408,64,0,32,32,0,1,1,4294967295
tile_Rainbow,576,1408,64,0,32,32,0,1,1,4294967295
tile_Rainbow,576,1376,64,0,32,32,0,1,1,4294967295
tile_Rainbow,448,1408,64,0,32,32,0,1,1,4294967295
tile_Rainbow,416,1408,64,0,32,32,0,1,1,4294967295
tile_Rainbow,384,1408,64,0,32,32,0,1,1,4294967295
tile_Rainbow,384,1376,64,0,32,32,0,1,1,4294967295
tile_IWBTG,1280,1792,0,32,32,32,0,1,1,4294967295
tile_IWBTG,1312,1792,0,32,32,32,0,1,1,4294967295
tile_IWBTG,1344,1792,0,32,32,32,0,1,1,4294967295
tile_IWBTG,1440,1792,0,32,32,32,0,1,1,4294967295
tile_IWBTG,1472,1792,0,32,32,32,0,1,1,4294967295
tile_IWBTG,1504,1792,0,32,32,32,0,1,1,4294967295
tile_IWBTG,1536,1792,0,32,32,32,0,1,1,4294967295
tile_IWBTG,1568,1792,32,32,32,32,0,1,1,4294967295
tile_IWBTG,1568,1696,32,32,32,32,0,1,1,4294967295
tile_IWBTG,1568,1664,32,32,32,32,0,1,1,4294967295
tile_IWBTG,256,1120,64,32,32,32,0,1,1,4294967295
tile_IWBTG,224,1120,64,32,32,32,0,1,1,4294967295
tile_IWBTG,192,1120,64,32,32,32,0,1,1,4294967295
tile_IWBTG,160,1120,64,32,32,32,0,1,1,4294967295
tile_IWBTG,0,1792,160,288,32,32,0,1,1,4294967295
tile_IWBTG,0,1696,160,320,32,32,0,1,1,4294967295
tile_IWBTG,400,1776,96,288,16,16,0,1,1,4294967295
tile_IWBTG,576,1776,96,288,16,16,0,1,1,4294967295
tile_IWBTG,864,1680,96,64,32,32,0,1,1,4294967295
tile_IWBTG,1120,1680,96,64,32,32,0,1,1,4294967295
tile_IWBTG,96,800,0,32,32,32,0,1,1,4294967295
tile_IWBTG,128,800,0,32,32,32,0,1,1,4294967295
tile_IWBTG,96,832,32,32,32,32,0,1,1,4294967295
tile_IWBTG,96,864,32,32,32,32,0,1,1,4294967295
tile_IWBTG,96,896,32,32,32,32,0,1,1,4294967295
tile_IWBTG,96,928,32,32,32,32,0,1,1,4294967295
tile_IWBTG,96,960,32,32,32,32,0,1,1,4294967295
tile_IWBTG,96,992,32,32,32,32,0,1,1,4294967295
tile_IWBTG,96,1024,32,32,32,32,0,1,1,4294967295
tile_IWBTG,96,1056,32,32,32,32,0,1,1,4294967295
tile_IWBTG,96,1088,32,32,32,32,0,1,1,4294967295
tile_IWBTG,96,1120,32,32,32,32,0,1,1,4294967295
tile_IWBTG,96,1152,32,32,32,32,0,1,1,4294967295
tile_IWBTG,96,1184,32,32,32,32,0,1,1,4294967295
tile_IWBTG,128,1184,32,32,32,32,0,1,1,4294967295
tile_IWBTG,128,1152,32,32,32,32,0,1,1,4294967295
tile_IWBTG,128,1120,32,32,32,32,0,1,1,4294967295
tile_IWBTG,128,1088,32,32,32,32,0,1,1,4294967295
tile_IWBTG,128,1056,32,32,32,32,0,1,1,4294967295
tile_IWBTG,128,1024,32,32,32,32,0,1,1,4294967295
tile_IWBTG,128,992,32,32,32,32,0,1,1,4294967295
tile_IWBTG,128,960,32,32,32,32,0,1,1,4294967295
tile_IWBTG,128,928,32,32,32,32,0,1,1,4294967295
tile_IWBTG,128,896,32,32,32,32,0,1,1,4294967295
tile_IWBTG,128,864,32,32,32,32,0,1,1,4294967295
tile_IWBTG,128,832,32,32,32,32,0,1,1,4294967295
tile_IWBTG,32,160,64,32,32,32,0,1,1,4294967295
tile_IWBTG,0,160,64,32,32,32,0,1,1,4294967295
tile_IWBTG,1568,160,64,32,32,32,0,1,1,4294967295
tile_Rainbow,1152,1344,96,64,32,32,0,1,1,4294967295
tile_Rainbow,1184,1344,96,64,32,32,0,1,1,4294967295
tile_Rainbow,1120,1344,96,64,32,32,0,1,1,4294967295
tile_Rainbow,1088,1344,96,64,32,32,0,1,1,4294967295
tile_Rainbow,1056,1344,96,64,32,32,0,1,1,4294967295
tile_Rainbow,1024,1344,96,64,32,32,0,1,1,4294967295
tile_Rainbow,992,1344,96,64,32,32,0,1,1,4294967295
tile_Rainbow,960,1344,96,64,32,32,0,1,1,4294967295
tile_Rainbow,928,1344,96,64,32,32,0,1,1,4294967295
tile_Rainbow,896,1344,96,64,32,32,0,1,1,4294967295
tile_Rainbow,864,1344,96,64,32,32,0,1,1,4294967295
tile_Rainbow,832,1344,96,64,32,32,0,1,1,4294967295
tile_Rainbow,800,1344,96,64,32,32,0,1,1,4294967295
tile_Rainbow,768,1344,96,64,32,32,0,1,1,4294967295
tile_Rainbow,736,1344,96,64,32,32,0,1,1,4294967295
tile_Rainbow,704,1344,96,64,32,32,0,1,1,4294967295
tile_IWBTG,1120,704,64,32,32,32,0,1,1,4294967295
tile_IWBTG,1152,704,64,32,32,32,0,1,1,4294967295
tile_IWBTG,1184,704,64,32,32,32,0,1,1,4294967295
tile_IWBTG,1568,384,32,320,16,16,0,1,1,4294967295
tile_IWBTG,1584,384,32,320,16,16,0,1,1,4294967295
tile_IWBTG,1584,400,32,320,16,16,0,1,1,4294967295
tile_IWBTG,1584,416,32,320,16,16,0,1,1,4294967295
tile_IWBTG,1584,432,32,320,16,16,0,1,1,4294967295
tile_IWBTG,1568,432,32,320,16,16,0,1,1,4294967295
