SkyGradient2Colors,864,640,D1B6A5CD,0,1,1,4294967295,0,1
AntiSoftlockBlock,1344,512,00217931,0,1,1,4294967295,0,0
AntiSoftlockBlock,1344,480,00221390,0,1,1,4294967295,0,0
AntiSoftlockBlock,1312,480,000F76E6,0,1,1,4294967295,0,0
AntiSoftlockBlock,1376,480,0030E3BB,0,1,1,4294967295,0,0
AntiSoftlockBlock,1376,512,0037A801,0,1,1,4294967295,0,0
AntiSoftlockBlock,1312,512,000B05D0,0,1,1,4294967295,0,0
AntiSoftlockBlock,1312,544,0009444D,0,1,1,4294967295,0,0
ExampleSavingTrap,256,863,003CA315,0,1,1,4294967295,0,0
SpikeTrapU,992,1152,C86CDB97,0,1,1,4294967295,0,1
SpikeTrapU,1024,1152,BA3534A4,0,1,1,4294967295,0,1
SpikeTrapU,1056,1152,A32E05E5,0,1,1,4294967295,0,1
SpikeTrapU,1088,1152,24B6192A,0,1,1,4294967295,0,1
SpikeTrapU,1120,1152,3DAD286B,0,1,1,4294967295,0,1
SpikeTrapU,1152,1152,16807BA8,0,1,1,4294967295,0,1
SpikeTrapU,1184,1152,0F9B4AE9,0,1,1,4294967295,0,1
SpikeTrapU,896,1152,CA2A65CE,0,1,1,4294967295,0,1
SpikeTrapU,1120,928,53E6C490,0,1,1,4294967295,0,1
SpikeTrapU,1152,928,002B1DA2,0,1,1,4294967295,0,1
SpikeTrapU,1440,960,845630A7,0,1,1,4294967295,0,1
SpikeTrapL,1408,448,A31B46D7,0,1,1,4294967295,0,1
SpikeTrapD,1472,640,98E2BE50,0,1,1,4294967295,0,1
SpikeTrapU,1536,1152,59C1ED6F,0,1,1,4294967295,0,1
SpikeTrapU,1248,1152,7EFFEBBE,0,1,1,4294967295,0,1
SpikeTrapU,1248,224,E140710A,0,1,1,4294967295,0,1
SpikeTrapU,32,800,D473CE78,0,1,1,4294967295,0,1
SpikeTrapU,64,800,0016BC29,0,1,1,4294967295,0,1
SpikeTrapU,96,800,00157353,0,1,1,4294967295,0,1
Warp,832,896,4DA6F275,0,1,1,4294967295,0,1
Warp,736,640,54BDC334,0,1,1,4294967295,0,1
WarpToHub,864,800,003E85D3,0,1,1,4294967295,0,0
ConveyorLeft,384,1120,0005A558,0,1,1,4294967295,0,0
ConveyorLeft,416,1120,00192A1A,0,1,1,4294967295,0,0
ConveyorLeft,448,1120,000137A8,0,1,1,4294967295,0,0
ConveyorLeft,480,1120,0015E6DC,0,1,1,4294967295,0,0
MiniBlock,400,1776,001B87CE,0,1,1,4294967295,0,0
MiniBlock,576,1776,0017F28C,0,1,1,4294967295,0,0
SlipBlock,704,1344,001FD081,0,1,1,4294967295,0,0
SlipBlock,736,1344,0032ACD8,0,1,1,4294967295,0,0
SlipBlock,768,1344,0003CA6F,0,1,1,4294967295,0,0
SlipBlock,800,1344,00193917,0,1,1,4294967295,0,0
SlipBlock,832,1344,001308F4,0,1,1,4294967295,0,0
SlipBlock,864,1344,001EFE89,0,1,1,4294967295,0,0
SlipBlock,896,1344,0011091D,0,1,1,4294967295,0,0
SlipBlock,928,1344,00234868,0,1,1,4294967295,0,0
SlipBlock,960,1344,0025FA33,0,1,1,4294967295,0,0
SlipBlock,992,1344,000FF1CD,0,1,1,4294967295,0,0
SlipBlock,1024,1344,00033160,0,1,1,4294967295,0,0
SlipBlock,1056,1344,002E2724,0,1,1,4294967295,0,0
SlipBlock,1088,1344,001737F9,0,1,1,4294967295,0,0
SlipBlock,1120,1344,000C7146,0,1,1,4294967295,0,0
SlipBlock,1152,1344,001F1D27,0,1,1,4294967295,0,0
SlipBlock,1184,1344,000AA142,0,1,1,4294967295,0,0
MiniBlock,1568,432,003B57F2,0,1,1,4294967295,0,0
MiniBlock,1584,432,002F8F6F,0,1,1,4294967295,0,0
MiniBlock,1568,384,001943FA,0,1,1,4294967295,0,0
MiniBlock,1584,384,003FD77D,0,1,1,4294967295,0,0
MiniBlock,1584,400,00231125,0,1,1,4294967295,0,0
MiniBlock,1584,416,002E0E90,0,1,1,4294967295,0,0
Block,960,864,003BACB8,0,1,1,4294967295,0,0
Block,992,864,000DFDAD,0,1,1,4294967295,0,0
Block,1024,864,00054E71,0,1,1,4294967295,0,0
Block,1056,864,003D0DD2,0,1,1,4294967295,0,0
Block,1088,864,00282C8F,0,1,1,4294967295,0,0
Block,1088,832,002E16F1,0,1,1,4294967295,0,0
Block,1120,832,000CE51B,0,1,1,4294967295,0,0
Block,800,608,0016AFBD,0,1,1,4294967295,0,0
Block,800,640,003EF828,0,1,1,4294967295,0,0
Block,832,608,0011AF66,0,1,1,4294967295,0,0
Block,864,608,001C55BF,0,1,1,4294967295,0,0
Block,896,608,00200575,0,1,1,4294967295,0,0
Block,1024,608,00055E0B,0,1,1,4294967295,0,0
Block,1056,608,001842CF,0,1,1,4294967295,0,0
Block,1088,608,0026769B,0,1,1,4294967295,0,0
Block,1216,608,0032959A,0,1,1,4294967295,0,0
Block,1248,608,0001D88F,0,1,1,4294967295,0,0
Block,1280,608,001BBF10,0,1,1,4294967295,0,0
Block,1312,608,00145F36,0,1,1,4294967295,0,0
Block,1344,608,000C8173,0,1,1,4294967295,0,0
Block,1376,608,000B79B8,0,1,1,4294967295,0,0
Block,1408,608,003C341C,0,1,1,4294967295,0,0
Block,1440,608,00336DEB,0,1,1,4294967295,0,0
Block,1472,608,00216CE4,0,1,1,4294967295,0,0
Block,1504,608,001114C9,0,1,1,4294967295,0,0
Block,1536,608,00338345,0,1,1,4294967295,0,0
Block,1568,608,0018F436,0,1,1,4294967295,0,0
Block,1568,640,00347522,0,1,1,4294967295,0,0
Block,1568,672,0010633A,0,1,1,4294967295,0,0
Block,1568,704,00017992,0,1,1,4294967295,0,0
Block,1568,736,00036DE7,0,1,1,4294967295,0,0
Block,1568,768,00049A50,0,1,1,4294967295,0,0
Block,1568,800,000BC8D8,0,1,1,4294967295,0,0
Block,1568,832,0020D647,0,1,1,4294967295,0,0
Block,1568,864,0039EC3C,0,1,1,4294967295,0,0
Block,1568,896,0014D149,0,1,1,4294967295,0,0
Block,1568,928,003D24DD,0,1,1,4294967295,0,0
Block,1568,960,0007BDCD,0,1,1,4294967295,0,0
Block,1568,992,00320415,0,1,1,4294967295,0,0
Block,1568,1024,003DD4CD,0,1,1,4294967295,0,0
Block,1568,1056,0018A4D4,0,1,1,4294967295,0,0
Block,1568,1088,00254E25,0,1,1,4294967295,0,0
Block,1568,1120,0024EEF6,0,1,1,4294967295,0,0
Block,1568,1152,0034B741,0,1,1,4294967295,0,0
Block,1568,1184,00096856,0,1,1,4294967295,0,0
Block,1536,1184,001C3A83,0,1,1,4294967295,0,0
Block,1504,1184,00136698,0,1,1,4294967295,0,0
Block,1472,1184,0011099D,0,1,1,4294967295,0,0
Block,1440,1184,0037E228,0,1,1,4294967295,0,0
Block,1408,1184,000BFE33,0,1,1,4294967295,0,0
Block,1376,1184,003084CB,0,1,1,4294967295,0,0
Block,1344,1184,003F974C,0,1,1,4294967295,0,0
Block,1312,1184,0035C69F,0,1,1,4294967295,0,0
Block,1280,1184,00072C51,0,1,1,4294967295,0,0
Block,1248,1184,00136040,0,1,1,4294967295,0,0
Block,1216,1184,00061BA1,0,1,1,4294967295,0,0
Block,1184,1184,00240BB3,0,1,1,4294967295,0,0
Block,1152,1184,001C72E8,0,1,1,4294967295,0,0
Block,1120,1184,00104886,0,1,1,4294967295,0,0
Block,1088,1184,0018EC09,0,1,1,4294967295,0,0
Block,1056,1184,00126B80,0,1,1,4294967295,0,0
Block,1024,1184,003FAA96,0,1,1,4294967295,0,0
Block,992,1184,001C418A,0,1,1,4294967295,0,0
Block,960,1184,00298F6A,0,1,1,4294967295,0,0
Block,928,1184,001BBBF2,0,1,1,4294967295,0,0
Block,896,1184,0009F442,0,1,1,4294967295,0,0
Block,864,1184,001D0A4A,0,1,1,4294967295,0,0
Block,832,1184,001EC0E6,0,1,1,4294967295,0,0
Block,800,1184,0039F193,0,1,1,4294967295,0,0
Block,800,1152,003C060A,0,1,1,4294967295,0,0
Block,800,1120,0030ADD7,0,1,1,4294967295,0,0
Block,800,1056,001D24F0,0,1,1,4294967295,0,0
Block,800,1024,001C9035,0,1,1,4294967295,0,0
Block,800,960,001529E3,0,1,1,4294967295,0,0
Block,800,928,000DED43,0,1,1,4294967295,0,0
Block,800,896,001AD47B,0,1,1,4294967295,0,0
Block,800,864,003F93ED,0,1,1,4294967295,0,0
Block,800,832,000B4008,0,1,1,4294967295,0,0
Block,800,800,00104CD4,0,1,1,4294967295,0,0
Block,800,992,00149D8E,0,1,1,4294967295,0,0
Block,1184,832,0035880E,0,1,1,4294967295,0,0
Block,1216,832,000A8000,0,1,1,4294967295,0,0
Block,1216,864,00230B7B,0,1,1,4294967295,0,0
Block,1248,864,003AC324,0,1,1,4294967295,0,0
Block,1280,864,0016DD9F,0,1,1,4294967295,0,0
Block,1312,864,000560FC,0,1,1,4294967295,0,0
Block,1344,864,002ED554,0,1,1,4294967295,0,0
Block,1344,832,00126D99,0,1,1,4294967295,0,0
Block,1376,832,0005AF9C,0,1,1,4294967295,0,0
Block,1408,992,002F89CF,0,1,1,4294967295,0,0
Block,1440,992,000802F8,0,1,1,4294967295,0,0
Block,1472,992,003F7B7B,0,1,1,4294967295,0,0
Block,1504,992,001BF479,0,1,1,4294967295,0,0
Block,1536,992,0027551D,0,1,1,4294967295,0,0
Block,832,928,0034ED95,0,1,1,4294967295,0,0
Block,864,928,0000FB4B,0,1,1,4294967295,0,0
Block,864,1120,000F940E,0,1,1,4294967295,0,0
Block,832,1120,002BB7DE,0,1,1,4294967295,0,0
Block,896,1120,001BC3BE,0,1,1,4294967295,0,0
Block,928,1120,0019A2EB,0,1,1,4294967295,0,0
Block,768,1120,0000735E,0,1,1,4294967295,0,0
Block,768,1056,00336FEB,0,1,1,4294967295,0,0
Block,768,1024,00020660,0,1,1,4294967295,0,0
Block,768,992,000F487C,0,1,1,4294967295,0,0
Block,768,960,00038675,0,1,1,4294967295,0,0
Block,768,928,000089F5,0,1,1,4294967295,0,0
Block,768,896,0009C0CF,0,1,1,4294967295,0,0
Block,768,864,002BE340,0,1,1,4294967295,0,0
Block,768,832,00086266,0,1,1,4294967295,0,0
Block,768,800,00236BA2,0,1,1,4294967295,0,0
Block,768,640,0013BEB1,0,1,1,4294967295,0,0
Block,768,608,00003388,0,1,1,4294967295,0,0
Block,736,992,00335F73,0,1,1,4294967295,0,0
Block,640,1024,001F3CF5,0,1,1,4294967295,0,0
Block,640,992,0007A46E,0,1,1,4294967295,0,0
Block,640,960,001F0DFF,0,1,1,4294967295,0,0
Block,640,928,00311476,0,1,1,4294967295,0,0
Block,640,896,0024F47F,0,1,1,4294967295,0,0
Block,640,864,00174441,0,1,1,4294967295,0,0
Block,672,864,001FA097,0,1,1,4294967295,0,0
Block,576,864,0029E197,0,1,1,4294967295,0,0
Block,576,896,00228A0A,0,1,1,4294967295,0,0
Block,576,928,001F9E58,0,1,1,4294967295,0,0
Block,576,960,001197E8,0,1,1,4294967295,0,0
Block,576,992,002614DE,0,1,1,4294967295,0,0
Block,576,1024,00347AA5,0,1,1,4294967295,0,0
Block,256,800,0004DCE2,0,1,1,4294967295,0,0
Block,256,832,003F5E51,0,1,1,4294967295,0,0
Block,256,1120,003FB47F,0,1,1,4294967295,0,0
Block,288,1120,00395A77,0,1,1,4294967295,0,0
Block,320,1120,001BAED6,0,1,1,4294967295,0,0
Block,352,1120,0012C507,0,1,1,4294967295,0,0
Block,512,1120,0013F910,0,1,1,4294967295,0,0
Block,512,1088,000358BD,0,1,1,4294967295,0,0
Block,352,960,00389393,0,1,1,4294967295,0,0
Block,384,960,0031D04B,0,1,1,4294967295,0,0
Block,416,960,002271EA,0,1,1,4294967295,0,0
Block,448,960,00214993,0,1,1,4294967295,0,0
Block,480,960,0013C857,0,1,1,4294967295,0,0
Block,512,960,0009CD1D,0,1,1,4294967295,0,0
Block,544,960,0020DE2D,0,1,1,4294967295,0,0
Block,512,1056,00038E58,0,1,1,4294967295,0,0
Block,704,864,003032B3,0,1,1,4294967295,0,0
Block,576,832,001B65FE,0,1,1,4294967295,0,0
Block,1152,928,0005CFE0,0,1,1,4294967295,0,0
Block,1120,928,00135E3B,0,1,1,4294967295,0,0
Block,256,864,0011C071,0,1,1,4294967295,0,0
Block,256,896,001810CF,0,1,1,4294967295,0,0
Block,256,928,002E5394,0,1,1,4294967295,0,0
Block,256,960,00099F28,0,1,1,4294967295,0,0
Block,992,608,0002D26A,0,1,1,4294967295,0,0
Block,928,608,0036F6C4,0,1,1,4294967295,0,0
Block,960,608,003CF3C6,0,1,1,4294967295,0,0
Block,960,832,0007ED53,0,1,1,4294967295,0,0
Block,928,832,003BEE74,0,1,1,4294967295,0,0
Block,960,1056,0006B1A4,0,1,1,4294967295,0,0
Block,960,1088,002C6F01,0,1,1,4294967295,0,0
Block,960,1120,003FCD54,0,1,1,4294967295,0,0
Block,1216,1120,003F9A36,0,1,1,4294967295,0,0
Block,1216,1088,0009E943,0,1,1,4294967295,0,0
Block,1216,1056,002A6903,0,1,1,4294967295,0,0
Block,512,736,00401A39,0,1,1,4294967295,0,0
Block,512,672,001FBBFC,0,1,1,4294967295,0,0
Block,544,1120,003344D8,0,1,1,4294967295,0,0
Block,576,1120,0039E891,0,1,1,4294967295,0,0
Block,608,1120,002C122D,0,1,1,4294967295,0,0
Block,640,1120,0037C01E,0,1,1,4294967295,0,0
Block,1504,576,00263EA1,0,1,1,4294967295,0,0
Block,768,576,001729CF,0,1,1,4294967295,0,0
Block,800,576,001D6512,0,1,1,4294967295,0,0
Block,832,576,0016BA70,0,1,1,4294967295,0,0
Block,864,576,0038A8E6,0,1,1,4294967295,0,0
Block,896,576,002BF11F,0,1,1,4294967295,0,0
Block,928,576,003ED806,0,1,1,4294967295,0,0
Block,960,576,00098878,0,1,1,4294967295,0,0
Block,992,576,000AE0B6,0,1,1,4294967295,0,0
Block,1024,576,003DDE19,0,1,1,4294967295,0,0
Block,1056,576,0000D0B6,0,1,1,4294967295,0,0
Block,1088,576,00265EF2,0,1,1,4294967295,0,0
Block,1440,448,00373A88,0,1,1,4294967295,0,0
Block,1216,576,0007BFC5,0,1,1,4294967295,0,0
Block,1248,576,0029F436,0,1,1,4294967295,0,0
Block,1280,576,003D325C,0,1,1,4294967295,0,0
Block,1312,576,00129866,0,1,1,4294967295,0,0
Block,1344,576,002A856A,0,1,1,4294967295,0,0
Block,1376,576,0027E2F8,0,1,1,4294967295,0,0
Block,1408,576,001FE8B3,0,1,1,4294967295,0,0
Block,1440,576,001F31D6,0,1,1,4294967295,0,0
Block,1472,576,00306EB8,0,1,1,4294967295,0,0
Block,1536,576,00163DD7,0,1,1,4294967295,0,0
Block,1568,576,003F2935,0,1,1,4294967295,0,0
Block,1056,544,003759A7,0,1,1,4294967295,0,0
Block,768,384,0027701E,0,1,1,4294967295,0,0
Block,768,352,0035C15E,0,1,1,4294967295,0,0
Block,768,320,0033B280,0,1,1,4294967295,0,0
Block,768,128,003B818B,0,1,1,4294967295,0,0
Block,768,96,000F7DFE,0,1,1,4294967295,0,0
Block,800,0,0006E179,0,1,1,4294967295,0,0
Block,832,0,0038FDC0,0,1,1,4294967295,0,0
Block,864,0,00127BA1,0,1,1,4294967295,0,0
Block,896,0,0015BDB0,0,1,1,4294967295,0,0
Block,928,0,002E911A,0,1,1,4294967295,0,0
Block,960,0,00054B9C,0,1,1,4294967295,0,0
Block,992,0,0012A6AB,0,1,1,4294967295,0,0
Block,1024,0,0029A978,0,1,1,4294967295,0,0
Block,1056,0,0024804B,0,1,1,4294967295,0,0
Block,1088,0,003FDFDB,0,1,1,4294967295,0,0
Block,1120,0,002049C9,0,1,1,4294967295,0,0
Block,1152,0,0003D3D2,0,1,1,4294967295,0,0
Block,1184,0,001DB3AC,0,1,1,4294967295,0,0
Block,1216,0,000A4E5E,0,1,1,4294967295,0,0
Block,1248,0,0001B722,0,1,1,4294967295,0,0
Block,1280,0,002DC7C1,0,1,1,4294967295,0,0
Block,1312,0,00047B8C,0,1,1,4294967295,0,0
Block,1344,0,0037179D,0,1,1,4294967295,0,0
Block,1440,0,0032DCD6,0,1,1,4294967295,0,0
Block,1472,0,00076030,0,1,1,4294967295,0,0
Block,1504,0,0005494A,0,1,1,4294967295,0,0
Block,1536,0,001AD4A3,0,1,1,4294967295,0,0
Block,1568,0,0001A086,0,1,1,4294967295,0,0
Block,1568,32,002B76A5,0,1,1,4294967295,0,0
Block,1568,64,0030DC67,0,1,1,4294967295,0,0
Block,1600,64,002E7433,0,1,1,4294967295,0,0
Block,1600,160,00083214,0,1,1,4294967295,0,0
Block,1568,160,002C53FF,0,1,1,4294967295,0,0
Block,1568,192,002402E9,0,1,1,4294967295,0,0
Block,1568,224,001BD5C3,0,1,1,4294967295,0,0
Block,1568,256,0017BF00,0,1,1,4294967295,0,0
Block,1568,288,00113014,0,1,1,4294967295,0,0
Block,1568,320,000564E7,0,1,1,4294967295,0,0
Block,1568,352,0011384E,0,1,1,4294967295,0,0
Block,1568,448,0004C1AE,0,1,1,4294967295,0,0
Block,1568,480,00187F9F,0,1,1,4294967295,0,0
Block,1568,512,0026D10C,0,1,1,4294967295,0,0
Block,1568,544,0019EFDA,0,1,1,4294967295,0,0
Block,800,32,0021B142,0,1,1,4294967295,0,0
Block,800,64,00057FFD,0,1,1,4294967295,0,0
Block,800,96,00164BC1,0,1,1,4294967295,0,0
Block,800,128,00345E22,0,1,1,4294967295,0,0
Block,800,160,0016D5A6,0,1,1,4294967295,0,0
Block,800,192,0017BC16,0,1,1,4294967295,0,0
Block,800,224,00312510,0,1,1,4294967295,0,0
Block,800,256,003D1356,0,1,1,4294967295,0,0
Block,800,288,001950FA,0,1,1,4294967295,0,0
Block,800,320,00215D19,0,1,1,4294967295,0,0
Block,800,352,0030EF4D,0,1,1,4294967295,0,0
Block,800,384,000B4CC5,0,1,1,4294967295,0,0
Block,1536,256,001AC208,0,1,1,4294967295,0,0
Block,1504,256,0019ED28,0,1,1,4294967295,0,0
Block,1472,256,00186895,0,1,1,4294967295,0,0
Block,1440,256,00391B70,0,1,1,4294967295,0,0
Block,1408,256,00038171,0,1,1,4294967295,0,0
Block,1376,256,000570E0,0,1,1,4294967295,0,0
Block,1344,256,000CE648,0,1,1,4294967295,0,0
Block,1312,256,00105C92,0,1,1,4294967295,0,0
Block,1280,256,002FBB25,0,1,1,4294967295,0,0
Block,1248,256,0030C3F8,0,1,1,4294967295,0,0
Block,1216,256,00149D09,0,1,1,4294967295,0,0
Block,1216,288,000C948D,0,1,1,4294967295,0,0
Block,1216,320,00019D7F,0,1,1,4294967295,0,0
Block,1216,352,0008C02A,0,1,1,4294967295,0,0
Block,1216,384,003C6726,0,1,1,4294967295,0,0
Block,1216,416,001A0FF9,0,1,1,4294967295,0,0
Block,1216,448,0023F2E6,0,1,1,4294967295,0,0
Block,1248,448,0010B5E8,0,1,1,4294967295,0,0
Block,832,384,00002295,0,1,1,4294967295,0,0
Block,864,384,0027B1D4,0,1,1,4294967295,0,0
Block,896,384,001A7771,0,1,1,4294967295,0,0
Block,960,384,00175422,0,1,1,4294967295,0,0
Block,1024,384,0018866B,0,1,1,4294967295,0,0
Block,992,384,00160E3B,0,1,1,4294967295,0,0
Block,1056,384,001F903A,0,1,1,4294967295,0,0
Block,1056,416,0017B957,0,1,1,4294967295,0,0
Block,512,480,00362F39,0,1,1,4294967295,0,0
Block,480,480,002B07E5,0,1,1,4294967295,0,0
Block,448,480,0002B6A4,0,1,1,4294967295,0,0
Block,416,480,0013B9FA,0,1,1,4294967295,0,0
Block,384,480,003FD67F,0,1,1,4294967295,0,0
Block,352,480,003E57C4,0,1,1,4294967295,0,0
Block,320,480,000080B1,0,1,1,4294967295,0,0
Block,288,480,000CFE1A,0,1,1,4294967295,0,0
Block,256,480,0018D392,0,1,1,4294967295,0,0
Block,224,480,00162B60,0,1,1,4294967295,0,0
Block,192,480,00174D89,0,1,1,4294967295,0,0
Block,160,480,000697FE,0,1,1,4294967295,0,0
Block,128,480,00137622,0,1,1,4294967295,0,0
Block,96,480,002FAE01,0,1,1,4294967295,0,0
Block,64,480,000AC11B,0,1,1,4294967295,0,0
Block,0,480,00391CEA,0,1,1,4294967295,0,0
Block,0,448,003FD9EE,0,1,1,4294967295,0,0
Block,0,416,001F7B11,0,1,1,4294967295,0,0
Block,0,384,003391A3,0,1,1,4294967295,0,0
Block,0,352,0009878D,0,1,1,4294967295,0,0
Block,0,320,002A4665,0,1,1,4294967295,0,0
Block,0,288,0025BC46,0,1,1,4294967295,0,0
Block,0,256,00150E08,0,1,1,4294967295,0,0
Block,0,224,0004930B,0,1,1,4294967295,0,0
Block,0,192,002588BC,0,1,1,4294967295,0,0
Block,0,160,00070626,0,1,1,4294967295,0,0
Block,0,64,001880AE,0,1,1,4294967295,0,0
Block,96,0,0019DA9E,0,1,1,4294967295,0,0
Block,128,0,000FA798,0,1,1,4294967295,0,0
Block,192,0,0021D08D,0,1,1,4294967295,0,0
Block,224,0,0022D400,0,1,1,4294967295,0,0
Block,288,0,0000631C,0,1,1,4294967295,0,0
Block,320,0,00168D0D,0,1,1,4294967295,0,0
Block,352,0,00006EB3,0,1,1,4294967295,0,0
Block,416,0,003CBF2D,0,1,1,4294967295,0,0
Block,448,0,000D6098,0,1,1,4294967295,0,0
Block,480,0,0006508F,0,1,1,4294967295,0,0
Block,512,0,00293FF6,0,1,1,4294967295,0,0
Block,576,0,001AB887,0,1,1,4294967295,0,0
Block,608,0,0005E3E3,0,1,1,4294967295,0,0
Block,640,0,002A034D,0,1,1,4294967295,0,0
Block,672,0,002F9C5F,0,1,1,4294967295,0,0
Block,544,0,0009A65A,0,1,1,4294967295,0,0
Block,384,0,002089FC,0,1,1,4294967295,0,0
Block,256,0,000B49E6,0,1,1,4294967295,0,0
Block,160,0,0004C61A,0,1,1,4294967295,0,0
Block,288,448,000700FA,0,1,1,4294967295,0,0
Block,256,448,000A15A0,0,1,1,4294967295,0,0
Block,64,448,0036F602,0,1,1,4294967295,0,0
Block,128,448,0014849B,0,1,1,4294967295,0,0
Block,128,288,000A691D,0,1,1,4294967295,0,0
Block,160,288,0020A686,0,1,1,4294967295,0,0
Block,192,288,0031003E,0,1,1,4294967295,0,0
Block,224,288,000E655A,0,1,1,4294967295,0,0
Block,192,320,00249C11,0,1,1,4294967295,0,0
Block,256,288,00055307,0,1,1,4294967295,0,0
Block,352,320,00175523,0,1,1,4294967295,0,0
Block,416,320,003BB57B,0,1,1,4294967295,0,0
Block,32,64,0002EC54,0,1,1,4294967295,0,0
Block,64,32,00321062,0,1,1,4294967295,0,0
Block,704,32,00017E87,0,1,1,4294967295,0,0
Block,736,64,0020CD8D,0,1,1,4294967295,0,0
Block,32,160,002CC2D0,0,1,1,4294967295,0,0
Block,64,192,00382ADA,0,1,1,4294967295,0,0
Block,32,192,002BB296,0,1,1,4294967295,0,0
Block,736,160,00365FF2,0,1,1,4294967295,0,0
Block,704,192,00146FA1,0,1,1,4294967295,0,0
Block,672,224,003C8357,0,1,1,4294967295,0,0
Block,640,256,003A3090,0,1,1,4294967295,0,0
Block,608,288,0036EFAF,0,1,1,4294967295,0,0
Block,576,320,003FADA6,0,1,1,4294967295,0,0
Block,608,320,0023E80B,0,1,1,4294967295,0,0
Block,640,320,003381B1,0,1,1,4294967295,0,0
Block,672,320,00061B72,0,1,1,4294967295,0,0
Block,704,320,0022ED26,0,1,1,4294967295,0,0
Block,736,320,00350F69,0,1,1,4294967295,0,0
Block,1056,96,00198A09,0,1,1,4294967295,0,0
Block,1024,96,0007078A,0,1,1,4294967295,0,0
Block,960,96,001A9DF2,0,1,1,4294967295,0,0
Block,992,96,00142AB7,0,1,1,4294967295,0,0
Block,864,256,000030F5,0,1,1,4294967295,0,0
Block,928,256,00255F99,0,1,1,4294967295,0,0
Block,928,224,001966C7,0,1,1,4294967295,0,0
Block,928,192,00383CA4,0,1,1,4294967295,0,0
Block,928,160,0035A159,0,1,1,4294967295,0,0
Block,928,128,000B235F,0,1,1,4294967295,0,0
Block,896,256,00335381,0,1,1,4294967295,0,0
Block,832,160,00142F6B,0,1,1,4294967295,0,0
Block,864,160,001EE50E,0,1,1,4294967295,0,0
Block,928,96,000FC306,0,1,1,4294967295,0,0
Block,1088,96,003584D4,0,1,1,4294967295,0,0
Block,1120,96,00024363,0,1,1,4294967295,0,0
Block,1120,160,003E882C,0,1,1,4294967295,0,0
Block,1088,160,0037D3F6,0,1,1,4294967295,0,0
Block,1056,160,003129BB,0,1,1,4294967295,0,0
Block,1024,160,001A2ACD,0,1,1,4294967295,0,0
Block,992,160,000008F8,0,1,1,4294967295,0,0
Block,992,224,003D5182,0,1,1,4294967295,0,0
Block,960,224,000228C8,0,1,1,4294967295,0,0
Block,1024,224,00227DA5,0,1,1,4294967295,0,0
Block,160,800,001959AD,0,1,1,4294967295,0,0
Block,160,832,001C3C0C,0,1,1,4294967295,0,0
Block,160,864,000F219F,0,1,1,4294967295,0,0
Block,192,864,000B0F77,0,1,1,4294967295,0,0
Block,224,864,003F9AD6,0,1,1,4294967295,0,0
Block,64,800,002C26BD,0,1,1,4294967295,0,0
Block,32,800,00346CF1,0,1,1,4294967295,0,0
Block,0,800,002F808D,0,1,1,4294967295,0,0
Block,0,512,00051013,0,1,1,4294967295,0,0
Block,0,544,00003EA9,0,1,1,4294967295,0,0
Block,0,576,00174250,0,1,1,4294967295,0,0
Block,0,608,00058388,0,1,1,4294967295,0,0
Block,0,640,0027D600,0,1,1,4294967295,0,0
Block,0,672,0002B2DC,0,1,1,4294967295,0,0
Block,0,704,002E0D28,0,1,1,4294967295,0,0
Block,0,736,000A5108,0,1,1,4294967295,0,0
Block,0,768,00202B41,0,1,1,4294967295,0,0
Block,448,192,00242A09,0,1,1,4294967295,0,0
Block,416,192,001DC899,0,1,1,4294967295,0,0
Block,512,192,00400285,0,1,1,4294967295,0,0
Block,544,192,001DEE6E,0,1,1,4294967295,0,0
Block,544,160,002C5FF8,0,1,1,4294967295,0,0
Block,416,160,0026B59F,0,1,1,4294967295,0,0
Block,384,160,003311F1,0,1,1,4294967295,0,0
Block,576,160,0036C24D,0,1,1,4294967295,0,0
Block,320,160,000761D9,0,1,1,4294967295,0,0
Block,352,224,0002946C,0,1,1,4294967295,0,0
Block,160,1184,0034F1A1,0,1,1,4294967295,0,0
Block,160,1152,00265813,0,1,1,4294967295,0,0
Block,160,1120,001F502A,0,1,1,4294967295,0,0
Block,160,960,001139C3,0,1,1,4294967295,0,0
Block,160,928,001F3832,0,1,1,4294967295,0,0
Block,160,896,00106101,0,1,1,4294967295,0,0
Block,96,800,000D7598,0,1,1,4294967295,0,0
Block,96,832,003B9B70,0,1,1,4294967295,0,0
Block,96,864,00130A72,0,1,1,4294967295,0,0
Block,96,896,0037BF51,0,1,1,4294967295,0,0
Block,96,928,0001A1AB,0,1,1,4294967295,0,0
Block,96,960,00342824,0,1,1,4294967295,0,0
Block,96,992,002F0D35,0,1,1,4294967295,0,0
Block,96,1024,001E2489,0,1,1,4294967295,0,0
Block,96,1056,001F1528,0,1,1,4294967295,0,0
Block,96,1088,0013C3DB,0,1,1,4294967295,0,0
Block,96,1120,0020D4DD,0,1,1,4294967295,0,0
Block,96,1152,003B0A79,0,1,1,4294967295,0,0
Block,96,1184,003EA65C,0,1,1,4294967295,0,0
Block,0,1792,000C677C,0,1,1,4294967295,0,0
Block,0,1696,00038384,0,1,1,4294967295,0,0
Block,0,1664,00198FA2,0,1,1,4294967295,0,0
Block,0,1632,002EAEE3,0,1,1,4294967295,0,0
Block,0,1600,0007EEE4,0,1,1,4294967295,0,0
Block,0,1568,0026D6D0,0,1,1,4294967295,0,0
Block,0,1536,0025C0A6,0,1,1,4294967295,0,0
Block,0,1504,00370282,0,1,1,4294967295,0,0
Block,0,1472,000A1ED2,0,1,1,4294967295,0,0
Block,0,1440,000B4501,0,1,1,4294967295,0,0
Block,0,1408,0020C547,0,1,1,4294967295,0,0
Block,0,1376,003484BA,0,1,1,4294967295,0,0
Block,0,1344,001151F5,0,1,1,4294967295,0,0
Block,0,1312,001078A2,0,1,1,4294967295,0,0
Block,0,1280,002A24B4,0,1,1,4294967295,0,0
Block,0,1248,00282A4F,0,1,1,4294967295,0,0
Block,32,1248,00165DD3,0,1,1,4294967295,0,0
Block,64,1248,003549DC,0,1,1,4294967295,0,0
Block,96,1248,002FC7FF,0,1,1,4294967295,0,0
Block,96,1216,0010F39D,0,1,1,4294967295,0,0
Block,160,1216,001BABD8,0,1,1,4294967295,0,0
Block,160,1248,003A6C27,0,1,1,4294967295,0,0
Block,192,1248,00106927,0,1,1,4294967295,0,0
Block,224,1248,00150589,0,1,1,4294967295,0,0
Block,256,1248,00044718,0,1,1,4294967295,0,0
Block,352,1152,002D845F,0,1,1,4294967295,0,0
Block,352,1184,000AA384,0,1,1,4294967295,0,0
Block,320,1184,00100C3E,0,1,1,4294967295,0,0
Block,288,1184,00394EC9,0,1,1,4294967295,0,0
Block,288,1216,001F3071,0,1,1,4294967295,0,0
Block,288,1248,00182703,0,1,1,4294967295,0,0
Block,32,1792,0014AFDE,0,1,1,4294967295,0,0
Block,64,1792,0023B634,0,1,1,4294967295,0,0
Block,96,1792,0004E50A,0,1,1,4294967295,0,0
Block,128,1792,0016DF7B,0,1,1,4294967295,0,0
Block,160,1792,0035724B,0,1,1,4294967295,0,0
Block,192,1792,0018E659,0,1,1,4294967295,0,0
Block,224,1792,0035414B,0,1,1,4294967295,0,0
Block,256,1792,00251BD1,0,1,1,4294967295,0,0
Block,288,1792,003D1500,0,1,1,4294967295,0,0
Block,288,1728,001B5AEB,0,1,1,4294967295,0,0
Block,288,1696,00250C50,0,1,1,4294967295,0,0
Block,288,1664,002054DF,0,1,1,4294967295,0,0
Block,288,1632,00256D56,0,1,1,4294967295,0,0
Block,288,1600,00361EA6,0,1,1,4294967295,0,0
Block,288,1568,00160688,0,1,1,4294967295,0,0
Block,288,1536,001341EB,0,1,1,4294967295,0,0
Block,288,1504,003B9FC8,0,1,1,4294967295,0,0
Block,288,1472,0015F8BA,0,1,1,4294967295,0,0
Block,128,1408,003803D7,0,1,1,4294967295,0,0
Block,128,1440,000A0334,0,1,1,4294967295,0,0
Block,160,1408,0021630E,0,1,1,4294967295,0,0
Block,160,1440,002A97FE,0,1,1,4294967295,0,0
Block,320,1792,0000BFB3,0,1,1,4294967295,0,0
Block,352,1792,001D1828,0,1,1,4294967295,0,0
Block,384,1792,0024030C,0,1,1,4294967295,0,0
Block,416,1792,00157F6A,0,1,1,4294967295,0,0
Block,448,1792,000A8E69,0,1,1,4294967295,0,0
Block,480,1792,00099D7E,0,1,1,4294967295,0,0
Block,512,1792,0036FB81,0,1,1,4294967295,0,0
Block,544,1792,001C0465,0,1,1,4294967295,0,0
Block,576,1792,001587A2,0,1,1,4294967295,0,0
Block,608,1792,00398B7B,0,1,1,4294967295,0,0
Block,640,1792,0015D641,0,1,1,4294967295,0,0
Block,672,1792,0033E421,0,1,1,4294967295,0,0
Block,704,1792,000277B9,0,1,1,4294967295,0,0
Block,736,1792,00291D8F,0,1,1,4294967295,0,0
Block,768,1792,000BFDF7,0,1,1,4294967295,0,0
Block,800,1792,003F6187,0,1,1,4294967295,0,0
Block,832,1792,0035391C,0,1,1,4294967295,0,0
Block,864,1792,00213960,0,1,1,4294967295,0,0
Block,896,1792,003B1D73,0,1,1,4294967295,0,0
Block,1088,1792,001AFFBE,0,1,1,4294967295,0,0
Block,1120,1792,000BED4F,0,1,1,4294967295,0,0
Block,1152,1792,0013C15F,0,1,1,4294967295,0,0
Block,1184,1792,0027E80E,0,1,1,4294967295,0,0
Block,1216,1792,00314D30,0,1,1,4294967295,0,0
Block,1248,1792,0031CE0A,0,1,1,4294967295,0,0
Block,1280,1632,00349E2D,0,1,1,4294967295,0,0
Block,1280,1792,001325B0,0,1,1,4294967295,0,0
Block,1312,1632,0014F132,0,1,1,4294967295,0,0
Block,1344,1632,000C884C,0,1,1,4294967295,0,0
Block,1376,1632,0005074E,0,1,1,4294967295,0,0
Block,1408,1632,0017200E,0,1,1,4294967295,0,0
Block,1440,1632,000EA375,0,1,1,4294967295,0,0
Block,1472,1632,001B2ABE,0,1,1,4294967295,0,0
Block,1504,1632,00192946,0,1,1,4294967295,0,0
Block,1536,1632,0032E42E,0,1,1,4294967295,0,0
Block,1568,1632,0006C9CC,0,1,1,4294967295,0,0
Block,1568,1216,001E37D9,0,1,1,4294967295,0,0
Block,1568,1248,00321FC4,0,1,1,4294967295,0,0
Block,1568,1280,0001ED40,0,1,1,4294967295,0,0
Block,1568,1312,002A0361,0,1,1,4294967295,0,0
Block,1568,1344,00214FB1,0,1,1,4294967295,0,0
Block,1568,1376,002A9F3A,0,1,1,4294967295,0,0
Block,1568,1408,00016256,0,1,1,4294967295,0,0
Block,1568,1440,002A4108,0,1,1,4294967295,0,0
Block,1568,1472,001B7154,0,1,1,4294967295,0,0
Block,1568,1504,001C2FB7,0,1,1,4294967295,0,0
Block,1568,1536,003EA43F,0,1,1,4294967295,0,0
Block,1568,1568,001A1207,0,1,1,4294967295,0,0
Block,1568,1600,0009C69E,0,1,1,4294967295,0,0
Block,1184,1536,001A4DC9,0,1,1,4294967295,0,0
Block,1152,1536,0009C0EC,0,1,1,4294967295,0,0
Block,1120,1536,0014D7F2,0,1,1,4294967295,0,0
Block,1088,1536,003246CF,0,1,1,4294967295,0,0
Block,1056,1536,0014611F,0,1,1,4294967295,0,0
Block,1024,1536,001B4433,0,1,1,4294967295,0,0
Block,992,1536,0038A0AC,0,1,1,4294967295,0,0
Block,960,1536,000FE637,0,1,1,4294967295,0,0
Block,992,1440,0037EDB7,0,1,1,4294967295,0,0
Block,1152,1440,0039F5BE,0,1,1,4294967295,0,0
Block,1280,1408,0037CFD7,0,1,1,4294967295,0,0
Block,1312,1408,003B7BDA,0,1,1,4294967295,0,0
Block,1344,1408,0023BA4B,0,1,1,4294967295,0,0
Block,1408,1408,00349D12,0,1,1,4294967295,0,0
Block,1472,1408,0030173A,0,1,1,4294967295,0,0
Block,1504,1408,001E13C4,0,1,1,4294967295,0,0
Block,1536,1408,0032BF63,0,1,1,4294967295,0,0
Block,1440,1408,002B5191,0,1,1,4294967295,0,0
Block,1376,1408,000CA7F6,0,1,1,4294967295,0,0
Block,1280,1376,0038A124,0,1,1,4294967295,0,0
Block,384,1376,0005415B,0,1,1,4294967295,0,0
Block,384,1408,000C4775,0,1,1,4294967295,0,0
Block,416,1408,003968F5,0,1,1,4294967295,0,0
Block,448,1408,002623CC,0,1,1,4294967295,0,0
Block,480,1408,0020278C,0,1,1,4294967295,0,0
Block,480,1376,001E454D,0,1,1,4294967295,0,0
Block,480,1344,0020010B,0,1,1,4294967295,0,0
Block,480,1216,002CF2B2,0,1,1,4294967295,0,0
Block,512,1408,0015F70D,0,1,1,4294967295,0,0
Block,544,1408,00328552,0,1,1,4294967295,0,0
Block,576,1408,00275929,0,1,1,4294967295,0,0
Block,576,1376,00074D59,0,1,1,4294967295,0,0
Block,1312,1792,00215B2D,0,1,1,4294967295,0,0
Block,1344,1792,00398F12,0,1,1,4294967295,0,0
Block,1440,1792,0030E68B,0,1,1,4294967295,0,0
Block,1472,1792,000049A8,0,1,1,4294967295,0,0
Block,1504,1792,001387C3,0,1,1,4294967295,0,0
Block,1536,1792,00318D1B,0,1,1,4294967295,0,0
Block,1568,1792,0004160B,0,1,1,4294967295,0,0
Block,1568,1696,0008A361,0,1,1,4294967295,0,0
Block,1568,1664,002E2070,0,1,1,4294967295,0,0
Block,224,960,002EEFFD,0,1,1,4294967295,0,0
Block,192,960,000CF747,0,1,1,4294967295,0,0
Block,224,1120,000869ED,0,1,1,4294967295,0,0
Block,192,1120,0000DF7E,0,1,1,4294967295,0,0
Block,480,1248,00340702,0,1,1,4294967295,0,0
Block,480,1280,002255C4,0,1,1,4294967295,0,0
Block,480,1312,0013DFBB,0,1,1,4294967295,0,0
Block,1344,-32,0017C408,0,1,1,4294967295,0,0
Block,1440,-32,001969EE,0,1,1,4294967295,0,0
Block,1344,1824,00293DD4,0,1,1,4294967295,0,0
Block,1440,1824,00364B00,0,1,1,4294967295,0,0
Block,-32,1792,0003AC1B,0,1,1,4294967295,0,0
Block,-32,1696,002AA4EB,0,1,1,4294967295,0,0
Block,1600,1792,001521AE,0,1,1,4294967295,0,0
Block,1600,1696,0016C94A,0,1,1,4294967295,0,0
Block,1120,1680,001397DA,0,1,1,4294967295,0,0
Block,864,1680,001693EF,0,1,1,4294967295,0,0
Block,-32,64,0014997E,0,1,1,4294967295,0,0
Block,-32,160,00247F15,0,1,1,4294967295,0,0
Block,1120,704,000D427F,0,1,1,4294967295,0,0
Block,1152,704,002034C2,0,1,1,4294967295,0,0
Block,1184,704,0023EF3C,0,1,1,4294967295,0,0
Block,928,384,003DA917,0,1,1,4294967295,0,0
NekoronAir,800,1280,0029067B,0,1,1,4294967295,0,0
WallJumpR,640,1024,001CE16E,0,1,1,4294967295,0,0
WallJumpR,640,992,0026047A,0,1,1,4294967295,0,0
WallJumpR,640,960,00242185,0,1,1,4294967295,0,0
WallJumpR,640,928,002F729C,0,1,1,4294967295,0,0
WallJumpL,576,1024,003CB610,0,1,1,4294967295,0,0
WallJumpL,576,992,002FA703,0,1,1,4294967295,0,0
WallJumpL,576,960,001DCB28,0,1,1,4294967295,0,0
WallJumpL,576,928,0025D5E7,0,1,1,4294967295,0,0
WallJumpR,640,896,0027334E,0,1,1,4294967295,0,0
WallJumpR,640,864,0023A9E6,0,1,1,4294967295,0,0
WallJumpL,576,896,001C1FA4,0,1,1,4294967295,0,0
WallJumpL,576,864,00248192,0,1,1,4294967295,0,0
WallJumpR,1216,320,0025B34E,0,1,1,4294967295,0,0
WallJumpR,1216,288,0029CA0C,0,1,1,4294967295,0,0
CautionStripL,0,1632,000BE865,0,1,1,4294967295,0,0
CautionStripL,0,1664,0016E1C2,0,1,1,4294967295,0,0
CautionStripL,0,1696,002BB578,0,1,1,4294967295,0,0
CautionFastL,0,1568,001866A0,0,1,1,4294967295,0,0
CautionFastL,0,1536,00390DEA,0,1,1,4294967295,0,0
CautionFastL,0,1504,00305FE4,0,1,1,4294967295,0,0
CautionStripR,288,1632,0034A709,0,1,1,4294967295,0,0
CautionStripR,288,1664,00139274,0,1,1,4294967295,0,0
CautionStripR,288,1696,000487AF,0,1,1,4294967295,0,0
CautionFastR,288,1568,0013D12B,0,1,1,4294967295,0,0
CautionFastR,288,1536,000E2796,0,1,1,4294967295,0,0
CautionFastR,288,1504,003532B5,0,1,1,4294967295,0,0
CautionFastL,288,1504,0025022E,0,1,1,4294967295,0,0
CautionFastL,288,1536,001EF93A,0,1,1,4294967295,0,0
CautionFastL,288,1568,0008D82A,0,1,1,4294967295,0,0
CautionFastL,288,1632,00324E1A,0,1,1,4294967295,0,0
CautionFastL,288,1664,0032E14E,0,1,1,4294967295,0,0
CautionFastL,288,1696,00315CC2,0,1,1,4294967295,0,0
CautionFastL,288,1600,0027B962,0,1,1,4294967295,0,0
CautionFastL,288,1728,0020A6AD,0,1,1,4294967295,0,0
SpikeU,1024,832,0019CE71,0,1,1,4294967295,0,0
SpikeU,1056,832,002446A2,0,1,1,4294967295,0,0
SpikeU,992,832,001F716C,0,1,1,4294967295,0,0
SpikeU,1248,832,0005815F,0,1,1,4294967295,0,0
SpikeU,1280,832,00120FB6,0,1,1,4294967295,0,0
SpikeU,1312,832,0014F856,0,1,1,4294967295,0,0
SpikeD,1536,640,000AAE4F,0,1,1,4294967295,0,0
SpikeD,1504,640,00027107,0,1,1,4294967295,0,0
SpikeD,1440,640,002FA53E,0,1,1,4294967295,0,0
SpikeD,1408,640,002B0803,0,1,1,4294967295,0,0
SpikeU,1504,1152,00302D7E,0,1,1,4294967295,0,0
SpikeU,1472,1152,0008689B,0,1,1,4294967295,0,0
SpikeU,1440,1152,00346758,0,1,1,4294967295,0,0
SpikeU,1408,1152,0015A7A0,0,1,1,4294967295,0,0
SpikeU,1376,1152,003325D4,0,1,1,4294967295,0,0
SpikeU,1344,1152,0024C2C2,0,1,1,4294967295,0,0
SpikeU,1312,1152,0010DE0F,0,1,1,4294967295,0,0
SpikeU,1280,1152,0004D350,0,1,1,4294967295,0,0
SpikeU,1216,1152,000D512A,0,1,1,4294967295,0,0
SpikeU,960,1152,00320810,0,1,1,4294967295,0,0
SpikeU,928,1152,0038E270,0,1,1,4294967295,0,0
SpikeU,864,1152,00175D46,0,1,1,4294967295,0,0
SpikeU,832,1152,0009785B,0,1,1,4294967295,0,0
SpikeU,1408,960,0028A80A,0,1,1,4294967295,0,0
SpikeU,1472,960,001016F0,0,1,1,4294967295,0,0
SpikeU,1504,960,000970AD,0,1,1,4294967295,0,0
SpikeU,1536,960,0029CC96,0,1,1,4294967295,0,0
SpikeR,1408,832,001419C6,0,1,1,4294967295,0,0
SpikeR,1376,864,00311072,0,1,1,4294967295,0,0
Signpost,672,832,0031577A,0,1,1,4294967295,0,0
SpikeL,480,736,002F2837,0,1,1,4294967295,0,0
SpikeR,544,736,001E0A3B,0,1,1,4294967295,0,0
SpikeL,1184,1056,002AC76C,0,1,1,4294967295,0,0
SpikeR,992,1056,0032F730,0,1,1,4294967295,0,0
SpikeU,1312,544,003EB9C3,0,1,1,4294967295,0,0
SpikeU,1344,512,001E1411,0,1,1,4294967295,0,0
SpikeD,1312,480,001424BD,0,1,1,4294967295,0,0
SpikeD,1344,448,0027A8C2,0,1,1,4294967295,0,0
SpikeD,1376,480,0018C0A7,0,1,1,4294967295,0,0
SpikeU,1344,416,0032F98F,0,1,1,4294967295,0,0
SpikeUdot,928,64,00019E6E,0,1,1,4294967295,0,0
SpikeUdot,992,64,00056D84,0,1,1,4294967295,0,0
SpikeUdot,864,128,000F906B,0,1,1,4294967295,0,0
SpikeDdot,864,192,002A7399,0,1,1,4294967295,0,0
SpikeDdot,896,224,000E9B46,0,1,1,4294967295,0,0
SpikeDdot,944,32,001766B7,0,1,1,4294967295,0,0
SpikeDdot,976,32,0023FAB2,0,1,1,4294967295,0,0
SpikeDdot,1024,32,000DAE64,0,1,1,4294967295,0,0
SpikeUdot,832,128,0005F132,0,1,1,4294967295,0,0
MiniSpikeDown,992,128,003ADC1A,0,1,1,4294967295,0,0
MiniSpikeDown,1024,128,00103B64,0,1,1,4294967295,0,0
MiniSpikeUp,1008,144,00313B36,0,1,1,4294967295,0,0
GuyWater,224,800,002FAAC3,0,1,1,4294967295,0,0
GuyWater,192,800,002165B4,0,1,1,4294967295,0,0
GuyWater,192,832,0037E445,0,1,1,4294967295,0,0
GuyWater,224,832,0007A040,0,1,1,4294967295,0,0
SpikeU,992,1760,00006FC9,0,1,1,4294967295,0,0
SpikeU,992,1728,0017A978,0,1,1,4294967295,0,0
SpikeU,992,1696,003923F7,0,1,1,4294967295,0,0
SpikeU,992,1664,003B90DA,0,1,1,4294967295,0,0
SpikeU,992,1632,0030BA39,0,1,1,4294967295,0,0
AutoSign,896,1088,4AB5CC41,0,1,1,4294967295,0,1
SavePointHard,832,800,0027AF79,0,1,1,4294967295,0,0
SavePointVeryHard,832,1056,00265AF9,0,1,1,4294967295,0,0
YokuBlock,736,864,0034CEA5,0,1,1,4294967295,0,0
FakeBlock,1088,896,0008A048,0,1,1,4294967295,0,0
FakeBlock,1184,896,00283BCF,0,1,1,4294967295,0,0
YokuBlock,1184,864,003A1DBF,0,1,1,4294967295,0,0
Ladder,1088,800,001A276E,0,1,1,4294967295,0,0
Ladder,1088,768,00081585,0,1,1,4294967295,0,0
Ladder,1088,736,00336FEA,0,1,1,4294967295,0,0
Ladder,1088,704,00149E05,0,1,1,4294967295,0,0
LiftBlock,1472,832,37BE2585,0,1,1,4294967295,0,1
PushBlock,352,1088,002A33A9,0,1,1,4294967295,0,0
LiftBlock,1088,1056,53BCBC66,0,1,1,4294967295,0,1
MoveBlock,1312,992,98553143,0,1,1,4294967295,0,1
YokuBlock,1248,1056,001B5AC7,0,1,1,4294967295,0,0
YokuBlock,1280,1056,000B3A97,0,1,1,4294967295,0,0
YokuBlock,1312,1056,00183655,0,1,1,4294967295,0,0
YokuBlock,1344,1056,003339FE,0,1,1,4294967295,0,0
YokuBlock,1376,1056,0009F789,0,1,1,4294967295,0,0
YokuBlock,1408,1056,000D3344,0,1,1,4294967295,0,0
YokuBlock,1408,1024,00091D9B,0,1,1,4294967295,0,0
PushBlock,352,1056,0014950B,0,1,1,4294967295,0,0
PushBlock,352,1024,00077FB9,0,1,1,4294967295,0,0
PushBlock,352,992,002F676E,0,1,1,4294967295,0,0
GravFlip,704,928,000B3226,0,1,1,4294967295,0,0
GravNormal,288,800,001267F4,0,1,1,4294967295,0,0
Platform,928,480,61E48203,0,1,1,4294967295,0,1
Platform,1024,832,00153B77,0,1,1,4294967295,0,1
LadderSide,1056,640,0012D168,0,1,1,4294967295,0,0
LadderSide,1024,640,002F0F6F,0,1,1,4294967295,0,0
LadderSide,992,640,002FC3C8,0,1,1,4294967295,0,0
LadderSide,960,640,00093BBF,0,1,1,4294967295,0,0
BouncingFruit,1376,782,CB0E874A,0,1,1,4294967295,0,1
MusicPlayer,832,640,1D1939AD,0,1,1,4294967295,0,1
LowGravField,416,800,00032B97,0,1,1,4294967295,0,0
LowGravField,448,800,00269CB5,0,1,1,4294967295,0,0
LowGravField,416,832,00383FF0,0,1,1,4294967295,0,0
LowGravField,448,832,00085A4E,0,1,1,4294967295,0,0
HighGravField,416,896,002304E6,0,1,1,4294967295,0,0
HighGravField,416,928,000CE638,0,1,1,4294967295,0,0
HighGravField,448,896,000230C3,0,1,1,4294967295,0,0
HighGravField,448,928,001CE9A8,0,1,1,4294967295,0,0
HighSpeedField,352,896,001AB80E,0,1,1,4294967295,0,0
HighSpeedField,352,928,0009AC28,0,1,1,4294967295,0,0
HighSpeedField,320,896,003CDB49,0,1,1,4294967295,0,0
HighSpeedField,320,928,00311CC7,0,1,1,4294967295,0,0
LowSpeedField,544,896,001A01C9,0,1,1,4294967295,0,0
LowSpeedField,544,928,00201381,0,1,1,4294967295,0,0
LowSpeedField,512,896,00126469,0,1,1,4294967295,0,0
LowSpeedField,512,928,00224431,0,1,1,4294967295,0,0
ClockOff,1408,544,0034891B,0,1,1,4294967295,0,0
ClockOn,1312,512,000DDD75,0,1,1,4294967295,0,0
SavePointVeryHard,1056,512,00269E25,0,1,1,4294967295,0,0
SavePointVeryHard,1472,448,00327F52,0,1,1,4294967295,0,0
SavePointMediumV,672,896,00151AC9,0,1,1,4294967295,0,0
JumpRefresher,347,805,003FD6A6,0,1,1,4294967295,0,0
Triggered1,992,1152,00072DFE,0,1,1,4294967295,0,0
Triggered1,1024,1152,0014A2B7,0,1,1,4294967295,0,0
Triggered1,1056,1152,0028F4CE,0,1,1,4294967295,0,0
Triggered1,1088,1152,00307511,0,1,1,4294967295,0,0
Triggered1,1120,1152,00309D54,0,1,1,4294967295,0,0
Triggered1,1152,1152,0021C346,0,1,1,4294967295,0,0
Triggered1,1184,1152,00402642,0,1,1,4294967295,0,0
Trigger1,1184,960,003CAC14,0,1,1,4294967295,0,0
Trigger1,1184,992,002F5F34,0,1,1,4294967295,0,0
Trigger1,1184,1024,0029CE11,0,1,1,4294967295,0,0
Triggered3,896,1152,0016FEDF,0,1,1,4294967295,0,0
Trigger3,896,1088,0036A12F,0,1,1,4294967295,0,0
Trigger2,1152,864,0026B944,0,1,1,4294967295,0,0
Triggered2,1120,928,002A0B4B,0,1,1,4294967295,0,0
Triggered2,1152,928,00307029,0,1,1,4294967295,0,0
Trigger4,1440,928,002C62E5,0,1,1,4294967295,0,0
Triggered4,1440,960,003FBD90,0,1,1,4294967295,0,0
ItemBlockItem1,800,416,003B19F6,0,1,1,4294967295,0,0
ItemBlockItem1,800,544,00283997,0,1,1,4294967295,0,0
ItemBlockItem1,800,512,00216D66,0,1,1,4294967295,0,0
ItemBlockItem1,800,480,000C0683,0,1,1,4294967295,0,0
ItemBlockItem1,800,448,002AD9E2,0,1,1,4294967295,0,0
Item1,896,544,00376D5F,0,1,1,4294967295,0,0
Trigger1,1280,448,001DB26F,0,1,1,4294967295,0,0
Trigger1,1312,448,003EE473,0,1,1,4294967295,0,0
Triggered1,1408,448,001D08B2,0,1,1,4294967295,0,0
GlobalItem2,1440,320,00022DF3,0,1,1,4294967295,0,0
ItemBlockGlobalItem2,1344,384,0004CAC1,0,1,1,4294967295,0,0
ItemBlockGlobalItem2,1344,352,001FB442,0,1,1,4294967295,0,0
ItemBlockGlobalItem2,1344,320,000E70FB,0,1,1,4294967295,0,0
ItemBlockGlobalItem2,1344,288,000036CA,0,1,1,4294967295,0,0
ItemBlockItem1,768,416,00014ADA,0,1,1,4294967295,0,0
ItemBlockItem1,768,480,00199F28,0,1,1,4294967295,0,0
ItemBlockItem1,768,512,0012A5A0,0,1,1,4294967295,0,0
ItemBlockItem1,768,544,00018B89,0,1,1,4294967295,0,0
ItemBlockItem1,768,448,0026E68A,0,1,1,4294967295,0,0
SolidItemBlockItem1,672,576,003240AE,0,1,1,4294967295,0,0
SolidItemBlockItem1,640,576,002E833E,0,1,1,4294967295,0,0
SolidItemBlockItem1,608,576,0034C6C1,0,1,1,4294967295,0,0
SolidItemBlockItem1,704,576,00170316,0,1,1,4294967295,0,0
SolidItemBlockItem1,736,576,002E02AC,0,1,1,4294967295,0,0
Trigger5,1472,768,0002B65E,0,1,1,4294967295,0,0
Trigger5,1472,736,00344F2B,0,1,1,4294967295,0,0
Trigger5,1472,704,00380145,0,1,1,4294967295,0,0
Triggered5,1472,640,00064641,0,1,1,4294967295,0,0
SpinFlip,864,448,000158AA,0,1,1,4294967295,0,0
SpinNormal,1312,128,003A2462,0,1,1,4294967295,0,0
PushBlock,992,544,0030FC8D,0,1,1,4294967295,0,0
GravFlip,1472,128,003E03AF,0,1,1,4294967295,0,0
GravNormal,1536,128,0032B77F,0,1,1,4294967295,0,0
SpinFlip,1376,128,002EE967,0,1,1,4294967295,0,0
ShootBlock,608,1088,00127797,0,1,1,4294967295,0,0
ShootBlockBig,544,1056,002A70C2,0,1,1,4294967295,0,0
Item2,864,352,003365B1,0,1,1,4294967295,0,0
Item3,928,352,000D554C,0,1,1,4294967295,0,0
Item4,992,352,000CEDFB,0,1,1,4294967295,0,0
GlobalItem1,1408,320,00364A22,0,1,1,4294967295,0,0
GlobalItem3,1472,320,001C1541,0,1,1,4294967295,0,0
GlobalItem4,1504,320,00100284,0,1,1,4294967295,0,0
Item5,1024,352,00127628,0,1,1,4294967295,0,0
Item7,832,352,0034BD0F,0,1,1,4294967295,0,0
Item8,896,352,00180E7B,0,1,1,4294967295,0,0
Item6,960,352,00122012,0,1,1,4294967295,0,0
SolidItemBlockItem1,608,608,003E1FDA,0,1,1,4294967295,0,0
SolidItemBlockItem1,640,608,0018AC1D,0,1,1,4294967295,0,0
SolidItemBlockItem1,672,608,00257912,0,1,1,4294967295,0,0
SolidItemBlockItem1,704,608,003089FF,0,1,1,4294967295,0,0
SolidItemBlockItem1,736,608,003F87EE,0,1,1,4294967295,0,0
SlopeBL,320,448,00030DCB,0,1,1,4294967295,0,0
SlopeBL,288,416,0004A8FD,0,1,1,4294967295,0,0
SlopeBR,256,416,002DDC09,0,1,1,4294967295,0,0
SlopeBR,224,448,001E85D8,0,1,1,4294967295,0,0
SlopeBR,64,416,000C8E79,0,1,1,4294967295,0,0
SlopeBL,128,416,0013795C,0,1,1,4294967295,0,0
SlopeTR,160,320,0032F187,0,1,1,4294967295,0,0
SlopeTR,352,352,0034F2FF,0,1,1,4294967295,0,0
SlopeTL,416,352,0028ED83,0,1,1,4294967295,0,0
SlopeTL,224,320,001447F0,0,1,1,4294967295,0,0
SlopeBR,544,320,00090269,0,1,1,4294967295,0,0
SlopeBR,576,288,00218EB3,0,1,1,4294967295,0,0
SlopeBR,608,256,0028C675,0,1,1,4294967295,0,0
SlopeBR,640,224,0029FF05,0,1,1,4294967295,0,0
SlopeBR,672,192,0037C164,0,1,1,4294967295,0,0
SlopeBR,704,160,0029C4C1,0,1,1,4294967295,0,0
SlopeBR,736,128,001ABDC8,0,1,1,4294967295,0,0
SlopeTR,736,96,003AC15C,0,1,1,4294967295,0,0
SlopeTR,704,64,00108AEF,0,1,1,4294967295,0,0
SlopeTR,672,32,0008C57D,0,1,1,4294967295,0,0
SlopeTL,96,32,000534B5,0,1,1,4294967295,0,0
SlopeTL,64,64,002C212D,0,1,1,4294967295,0,0
SlopeBL,64,160,00161C7F,0,1,1,4294967295,0,0
SlopeBL,96,192,00310AD4,0,1,1,4294967295,0,0
ClockOn,384,352,002CB78F,0,1,1,4294967295,0,0
WhiteDotDisable,1056,64,003E255E,0,1,1,4294967295,0,0
WhiteDotEnable,864,224,0007E0C1,0,1,1,4294967295,0,0
SavePointMedium,928,288,003E8A0B,0,1,1,4294967295,0,0
WhiteDotKiller,832,256,00304534,0,1,1,4294967295,0,0
WhiteDotKiller,1088,32,000E0604,0,1,1,4294967295,0,0
WhiteDotKiller,1088,64,001027E5,0,1,1,4294967295,0,0
DotkidEnable,1056,128,000CD3C9,0,1,1,4294967295,0,0
DotkidKiller,1120,128,00270C70,0,1,1,4294967295,0,0
DotkidDisable,960,192,002094DE,0,1,1,4294967295,0,0
DotkidKiller,1024,192,0003E232,0,1,1,4294967295,0,0
ShootBlock,736,352,00222071,0,1,1,4294967295,0,0
ShootBlock,704,352,000CD4E7,0,1,1,4294967295,0,0
ShootBlock,672,352,003689C1,0,1,1,4294967295,0,0
ShootBlock,640,352,000581FC,0,1,1,4294967295,0,0
ShootBlock,608,352,000A14FA,0,1,1,4294967295,0,0
ShootBlock,576,352,0039B02D,0,1,1,4294967295,0,0
Platform,960,480,00354778,0,1,1,4294967295,0,0
GateRight,544,128,001EABBE,0,1,1,4294967295,0,0
GateRight,544,96,00011EA8,0,1,1,4294967295,0,0
GateLeft,416,128,00206FC4,0,1,1,4294967295,0,0
GateLeft,416,96,00147A0F,0,1,1,4294967295,0,0
GateUp,416,96,003F8FC3,0,1,1,4294967295,0,0
GateUp,448,96,0009430B,0,1,1,4294967295,0,0
GateUp,512,96,0021699C,0,1,1,4294967295,0,0
GateUp,544,96,002002B3,0,1,1,4294967295,0,0
GateDown,352,160,0019A8D7,0,1,1,4294967295,0,0
GateUp,480,192,002E5333,0,1,1,4294967295,0,0
GravFlip,160,128,0033BE1E,0,1,1,4294967295,0,0
GravNormal,224,128,00014A8B,0,1,1,4294967295,0,0
Teleporter,896,640,DE1424E4,0,1,1,4294967295,0,1
Teleporter,32,768,58AB094E,0,1,1,4294967295,0,1
Trigger5,1472,800,0000BB4C,0,1,1,4294967295,0,0
ClockOff,96,416,002397E9,0,1,1,4294967295,0,0
BreakBlock,128,800,00188191,0,1,1,4294967295,0,0
BreakBlock,128,832,00204B18,0,1,1,4294967295,0,0
BreakBlock,128,864,00133262,0,1,1,4294967295,0,0
BreakBlock,128,1184,00366395,0,1,1,4294967295,0,0
BreakBlock,128,1152,000D80E6,0,1,1,4294967295,0,0
BreakBlock,128,1120,00218049,0,1,1,4294967295,0,0
BreakBlock,128,1088,002B0558,0,1,1,4294967295,0,0
BreakBlock,128,1056,0036ABA4,0,1,1,4294967295,0,0
BreakBlock,128,1024,002685A4,0,1,1,4294967295,0,0
BreakBlock,128,992,00000E3D,0,1,1,4294967295,0,0
BreakBlock,128,960,00318012,0,1,1,4294967295,0,0
BreakBlock,128,928,00026304,0,1,1,4294967295,0,0
BreakBlock,128,896,00336D51,0,1,1,4294967295,0,0
CloudSetOnFire,44,518,00278D00,0,1,1,4294967295,0,0
CloudBolt,256,608,00108E66,0,1,1,4294967295,0,0
Platform,32,352,87C99016,0,1,1,4294967295,0,1
Cloud,113,565,000D6355,0,1,1,4294967295,0,0
Cloud,184,517,00286561,0,1,1,4294967295,0,0
Cloud,300,545,00326F34,0,1,1,4294967295,0,0
Cloud,417,526,001EE5E9,0,1,1,4294967295,0,0
Cloud,489,572,00190A5C,0,1,1,4294967295,0,0
GuyCouch,128,1376,0027473B,0,1,1,4294967295,0,0
Platform,128,1600,00251586,0,1,1,4294967295,0,0
Platform,128,1728,003AA853,0,1,1,4294967295,0,0
Platform,160,1600,00381637,0,1,1,4294967295,0,0
Platform,160,1728,002DD515,0,1,1,4294967295,0,0
SavePointMedium,160,768,002155E2,0,1,1,4294967295,0,0
KeyWhite,160,256,003A44EC,0,1,1,4294967295,0,0
KeyBlockWhite,256,256,003E4D55,0,1,1,4294967295,0,0
KeyRed,224,256,00314928,0,1,1,4294967295,0,0
SavePointMedium,192,128,0030E242,0,1,1,4294967295,0,0
KeyBlockRed,128,256,003CD08E,0,1,1,4294967295,0,0
ShootkidEnable,896,1760,0008D5BA,0,1,1,4294967295,0,0
ShootkidDisable,832,1760,0023B660,0,1,1,4294967295,0,0
Cherry,958,1664,003B9523,0,1,1,4294967295,0,0
Cherry,960,1728,0013B34D,0,1,1,4294967295,0,0
Cherry,962,1783,002AC3DA,0,1,1,4294967295,0,0
KidBlockDown,1088,384,00100450,0,1,1,4294967295,0,0
KidBlockDown,1120,384,0032D352,0,1,1,4294967295,0,0
KidBlockUp,1152,384,00139E6E,0,1,1,4294967295,0,0
KidBlockUp,1184,384,00038033,0,1,1,4294967295,0,0
StarSingleJump,1344,1568,00231846,0,1,1,4294967295,0,0
StarDoubleJump,1408,1568,001DBE80,0,1,1,4294967295,0,0
StarTripleJump,1472,1568,0026FF70,0,1,1,4294967295,0,0
SavePointMedium,1280,1600,0001A8A5,0,1,1,4294967295,0,0
ShootkidEnable,1088,1760,002F1E4B,0,1,1,4294967295,0,0
ShootkidDisable,1152,1760,00359967,0,1,1,4294967295,0,0
WCSpikeOrange,992,1472,00198B41,0,1,1,4294967295,0,0
WCSpikeGreen,1152,1472,003C707C,0,1,1,4294967295,0,0
WCSpikeOrangeL,1120,1440,002B13BE,0,1,1,4294967295,0,0
WCSpikeGreenL,960,1440,0037950E,0,1,1,4294967295,0,0
WCSpikeOrangeR,1184,1440,0032FBA5,0,1,1,4294967295,0,0
WCSpikeGreenR,1024,1440,003C118E,0,1,1,4294967295,0,0
WCSpikeGreenU,1152,1408,0024AEF5,0,1,1,4294967295,0,0
WCSpikeOrangeU,992,1408,002092C5,0,1,1,4294967295,0,0
WCSpikeSwitcher,1072,1488,00304130,0,1,1,4294967295,0,0
JumpRefresher,1391,1533,003F0500,0,1,1,4294967295,0,0
JumpRefresher,1453,1533,0018DCB6,0,1,1,4294967295,0,0
PastelSpikeBlack,1440,1216,00403FA4,0,1,1,4294967295,0,0
PastelSpikeBlackU,1408,1376,002B49AA,0,1,1,4294967295,0,0
PastelSpikeBlueL,1536,1376,00384B0F,0,1,1,4294967295,0,0
PastelSpikeBlue,1408,1216,000D692C,0,1,1,4294967295,0,0
PastelSpikeBlueR,1312,1376,0021364E,0,1,1,4294967295,0,0
PastelSpikeBlueU,1440,1376,002DC25D,0,1,1,4294967295,0,0
GuyCouch,64,1760,00197C28,0,1,1,4294967295,0,0
ShootRefresherL,1248,1632,00324031,0,1,1,4294967295,0,0
SavePointMedium,160,1056,0037A459,0,1,1,4294967295,0,0
Trigger2,224,1088,000358FF,0,1,1,4294967295,0,0
Trigger2,224,1056,003E42CE,0,1,1,4294967295,0,0
Triggered2,256,960,001DEDA0,0,1,1,4294967295,0,0
CherryCircle,700,1565,9C6C7E5F,0,1,1,4294967295,0,1
CherryCircle,660,1566,FA6F022F,0,1,1,4294967295,0,1
CherryCircle,680,1585,8FDDF074,0,1,1,4294967295,0,1
CherryCircle,679,1544,56D85A94,0,1,1,4294967295,0,1
TrapStop,1184,1056,003BF0BA,0,1,1,4294967295,0,0
TrapStop,1152,1024,00378E79,0,1,1,4294967295,0,0
TrapStop,1120,992,000EB6FE,0,1,1,4294967295,0,0
TrapStop,1088,960,00030D27,0,1,1,4294967295,0,0
TrapStop,1056,992,001F923A,0,1,1,4294967295,0,0
TrapStop,1024,1024,003432C7,0,1,1,4294967295,0,0
TrapStop,992,1056,003B0A2E,0,1,1,4294967295,0,0
Trigger6,1376,1024,000A26B4,0,1,1,4294967295,0,0
Triggered6,1536,1152,00084CBF,0,1,1,4294967295,0,0
TrapRedirect,1536,1024,6E200AFC,0,1,1,4294967295,0,1
TrapRedirect,1440,1056,0029103D,0,1,1,4294967295,0,1
TrapRedirect,1472,1120,003F0449,0,1,1,4294967295,0,1
TrapStop,1152,832,0034284A,0,1,1,4294967295,0,0
TrapStop,1120,832,001AC31F,0,1,1,4294967295,0,0
ScreenWrap,1376,1824,0019FACE,0,1,1,4294967295,0,0
ScreenWrap,1408,1824,0009DF8B,0,1,1,4294967295,0,0
ScreenWrap,1376,-32,00338DA1,0,1,1,4294967295,0,0
ScreenWrap,1408,-32,001EBB86,0,1,1,4294967295,0,0
ScreenWrap,-32,1728,002D49C9,0,1,1,4294967295,0,0
ScreenWrap,-32,1760,0016A0DE,0,1,1,4294967295,0,0
ScreenWrap,1600,1728,00362CD7,0,1,1,4294967295,0,0
ScreenWrap,1600,1760,000CC1CA,0,1,1,4294967295,0,0
PushBlockSave,480,1760,003A8C6E,0,1,1,4294967295,0,0
SavePointMedium,320,1760,0021518A,0,1,1,4294967295,0,0
Cherry,961,1755,003A80DA,0,1,1,4294967295,0,0
TrapStop,256,1120,002189FB,0,1,1,4294967295,0,0
Trigger10,1248,1024,00200D81,0,1,1,4294967295,0,0
Triggered10,1248,1152,00206964,0,1,1,4294967295,0,0
Trigger2,1280,224,0001AC72,0,1,1,4294967295,0,0
Trigger2,1280,192,00330DBF,0,1,1,4294967295,0,0
Trigger2,1280,160,000852FF,0,1,1,4294967295,0,0
Triggered2,1248,224,00014067,0,1,1,4294967295,0,0
TrapStop,1248,64,00202125,0,1,1,4294967295,0,0
PastelSpikeGreenL,544,1376,00076453,0,1,1,4294967295,0,0
PastelSpikeGreenR,416,1376,000E6B42,0,1,1,4294967295,0,0
SavePointHardV,1504,32,0016810C,0,1,1,4294967295,0,0
JumpThrough,832,832,002A0D09,0,1,1,4294967295,0,0
JumpThrough,864,832,000F219D,0,1,1,4294967295,0,0
JumpThrough,896,832,0007AC99,0,1,1,4294967295,0,0
TrapRedirect,1472,960,A13EDDBB,0,1,1,4294967295,0,1
Trigger4,1440,896,0002C0C3,0,1,1,4294967295,0,0
Trigger5,1472,672,00155B92,0,1,1,4294967295,0,0
TrapStop,1440,992,003FE0BE,0,1,1,4294967295,0,0
TrapRedirect,1440,864,0002F20F,0,1,1,4294967295,0,0
ScreenWrap,-32,96,00031D87,0,1,1,4294967295,0,0
ScreenWrap,-32,128,0012552E,0,1,1,4294967295,0,0
ScreenWrap,1600,96,00353FF5,0,1,1,4294967295,0,0
ScreenWrap,1600,128,0011B96D,0,1,1,4294967295,0,0
FakeBlock,288,1760,001E627B,0,1,1,4294967295,0,0
WaterStopper,1280,1376,00114B83,0,1,1,4294967295,0,0
WaterStopper,1408,1408,0024DBEF,0,1,1,4294967295,0,0
WaterStopper,1440,1184,0012CB29,0,1,1,4294967295,0,0
Upform,672,992,0022C15F,0,1,1,4294967295,0,0
SwitchGreenWL,32,704,001C4CC7,0,1,1,4294967295,0,0
Triggered4,32,800,002F81FC,0,1,1,4294967295,0,0
Triggered4,64,800,0038DD6A,0,1,1,4294967295,0,0
Triggered4,96,800,00085300,0,1,1,4294967295,0,0
TrapStop,32,736,00179082,0,1,1,4294967295,0,0
TrapStop,64,736,002371A8,0,1,1,4294967295,0,0
TrapStop,96,736,002F9678,0,1,1,4294967295,0,0
ToggleBlockOff,416,1664,003D3AC6,0,1,1,4294967295,0,0
ToggleBlockOff,416,1536,003DF984,0,1,1,4294967295,0,0
ToggleBlockOn,480,1600,0028FBCF,0,1,1,4294967295,0,0
ToggleBlockOn,352,1600,000C7DC4,0,1,1,4294967295,0,0
CherryRainbow,864,992,00032A06,0,1,1,4294967295,0,0
CoinNormal,1280,1664,002AA3ED,0,1,1,4294967295,0,0
CoinNormal,1312,1664,0035129F,0,1,1,4294967295,0,0
CoinNormal,1344,1664,003B918D,0,1,1,4294967295,0,0
CoinFlip,1280,1760,00152157,0,1,1,4294967295,0,0
CoinFlip,1312,1760,002BD889,0,1,1,4294967295,0,0
CoinFlip,1344,1760,001B3462,0,1,1,4294967295,0,0
GravFlip,1472,1760,001B0DD2,0,1,1,4294967295,0,0
GravNormal,1472,1664,000E7BA8,0,1,1,4294967295,0,0
Trigger5,1472,416,0016EF85,0,1,1,4294967295,0,0
Trigger5,1504,416,003D4E4D,0,1,1,4294967295,0,0
Trigger5,1536,416,00369DCA,0,1,1,4294967295,0,0
Platform,352,672,000D4573,0,1,1,4294967295,0,0
Platform,352,704,5FF5E412,0,1,1,4294967295,0,1
Platform,352,736,46EED553,0,1,1,4294967295,0,1
Platform,352,640,49E316A7,0,1,1,4294967295,0,1
JumpBlock,672,1120,0012A422,0,1,1,4294967295,0,0
JumpBlock,704,1120,002021BA,0,1,1,4294967295,0,0
JumpBlock,736,1120,002441E1,0,1,1,4294967295,0,0
JumpCherry,1200,464,00172F0F,0,1,1,4294967295,0,0
SlopeWobbly,400,448,CBD19E50,0,1,1,4294967295,0,1
Platform,576,816,9154F7B0,0,1,1,4294967295,0,1
TriggerGroup,240,592,0025B659,0,0.67,2.33,4294967295,0,0
Trigger4,256,640,00096D08,0,1,1,4294967295,0,0
Trigger4,256,672,002B243A,0,1,1,4294967295,0,0
Trigger4,256,704,00231351,0,1,1,4294967295,0,0
Trigger4,256,736,00249212,0,1,1,4294967295,0,0
Trigger4,256,768,0009302D,0,1,1,4294967295,0,0
Triggered4,256,608,0024DA5B,0,1,1,4294967295,0,0
LockedTrigger5,1280,432,0008B42C,0,1,1,4294967295,0,0
LockedTrigger5,1312,432,0035ACC1,0,1,1,4294967295,0,0
PlayerStart,896,800,00232527,0,1,1,4294967295,0,0
KeyDraw,128,32,00349604,0,1,1,4294967295,0,0
CatharsisWater,1120,1280,00122310,0,1,1,4294967295,0,0
Water1,928,1280,00071E29,0,1,1,4294967295,0,0
Water2,992,1280,0039CDE1,0,1,1,4294967295,0,0
Water3,1056,1280,00363D1C,0,1,1,4294967295,0,0
NekoronWater,864,1280,002CA2CD,0,1,1,4294967295,0,0
PlatformWater,1184,1280,001B9786,0,1,1,4294967295,0,0
