tile_IWBTG,6768,320,416,96,32,32,0,1,1,4294967295
tile_IWBTG,6800,288,416,96,32,32,0,1,1,4294967295
tile_IWBTG,6736,320,416,64,32,32,0,1,1,4294967295
tile_IWBTG,6768,288,416,64,32,32,0,1,1,4294967295
tile_IWBTG,6800,256,416,64,32,32,0,1,1,4294967295
tile_IWBTG,6832,256,448,64,32,32,0,1,1,4294967295
tile_IWBTG,6864,288,448,64,32,32,0,1,1,4294967295
tile_IWBTG,6832,288,448,96,32,32,0,1,1,4294967295
tile_IWBTG,6864,320,448,96,32,32,0,1,1,4294967295
tile_IWBTG,6896,320,64,32,32,32,0,1,1,4294967295
tile_IWBTG,6800,320,32,32,32,32,0,1,1,4294967295
tile_IWBTG,6832,320,32,32,32,32,0,1,1,4294967295
tile_corner,7856,496,64,0,16,16,0,1,1,4294967295
tile_corner,7840,496,64,0,16,16,0,1,1,4294967295
tile_corner,7808,240,64,0,16,16,0,1,1,4294967295
tile_corner,7792,240,64,0,16,16,0,1,1,4294967295
tile_corner,7776,240,64,0,16,16,0,1,1,4294967295
tile_corner,7824,240,64,0,16,16,0,1,1,4294967295
tile_corner,7824,224,64,0,16,16,0,1,1,4294967295
tile_corner,7824,208,64,0,16,16,0,1,1,4294967295
tile_corner,7904,512,32,0,32,32,0,1,1,4294967295
tile_corner,7904,480,32,0,32,32,0,1,1,4294967295
tile_corner,7872,480,32,0,32,32,0,1,1,4294967295
tile_corner,7808,480,32,0,32,32,0,1,1,4294967295
tile_corner,7904,544,32,0,32,32,0,1,1,4294967295
tile_corner,7872,544,32,0,32,32,0,1,1,4294967295
tile_corner,7840,544,32,0,32,32,0,1,1,4294967295
tile_corner,7808,544,32,0,32,32,0,1,1,4294967295
tile_corner,7776,544,32,0,32,32,0,1,1,4294967295
tile_corner,7744,544,32,0,32,32,0,1,1,4294967295
tile_corner,7744,512,32,0,32,32,0,1,1,4294967295
tile_corner,7704,480,32,0,32,32,0,1,1,4294967295
tile_corner,7704,384,32,0,32,32,0,1,1,4294967295
tile_corner,7912,328,32,0,32,32,0,1,1,4294967295
tile_corner,7744,264,32,0,32,32,0,1,1,4294967295
tile_corner,7912,224,32,0,32,32,0,1,1,4294967295
tile_Rainbow,3808,320,32,64,32,32,0,1,1,4294967295
tile_Rainbow,3872,448,32,64,32,32,0,1,1,4294967295
tile_Rainbow,3744,448,32,64,32,32,0,1,1,4294967295
tile_Rainbow,3456,160,32,64,32,32,0,1,1,4294967295
tile_Rainbow,3424,160,32,64,32,32,0,1,1,4294967295
tile_Rainbow,3392,160,32,64,32,32,0,1,1,4294967295
tile_Rainbow,3360,160,32,64,32,32,0,1,1,4294967295
tile_Rainbow,3328,160,32,64,32,32,0,1,1,4294967295
tile_Rainbow,3296,160,32,64,32,32,0,1,1,4294967295
tile_Rainbow,3264,160,32,64,32,32,0,1,1,4294967295
tile_Rainbow,3456,288,32,64,32,32,0,1,1,4294967295
tile_Rainbow,3424,288,32,64,32,32,0,1,1,4294967295
tile_Rainbow,3392,288,32,64,32,32,0,1,1,4294967295
tile_Rainbow,3360,288,32,64,32,32,0,1,1,4294967295
tile_Rainbow,3328,288,32,64,32,32,0,1,1,4294967295
tile_Rainbow,3296,288,32,64,32,32,0,1,1,4294967295
tile_Rainbow,3264,288,32,64,32,32,0,1,1,4294967295
tile_Rainbow,2592,512,96,32,32,32,0,1,1,4294967295
tile_Rainbow,2560,512,96,32,32,32,0,1,1,4294967295
tile_Rainbow,2528,512,96,32,32,32,0,1,1,4294967295
tile_Rainbow,2496,512,96,32,32,32,0,1,1,4294967295
tile_Rainbow,2464,512,96,32,32,32,0,1,1,4294967295
tile_Rainbow,2432,512,96,32,32,32,0,1,1,4294967295
tile_Rainbow,2560,448,96,32,32,32,0,1,1,4294967295
tile_Rainbow,2528,448,96,32,32,32,0,1,1,4294967295
tile_Rainbow,2496,448,96,32,32,32,0,1,1,4294967295
tile_Rainbow,2464,448,96,32,32,32,0,1,1,4294967295
tile_Rainbow,2432,448,96,32,32,32,0,1,1,4294967295
bgGameMakerBlock,7648,576,0,0,32,32,0,1,1,4294967295
bgGameMakerBlock,7616,576,0,0,32,32,0,1,1,4294967295
bgGameMakerBlock,7584,576,0,0,32,32,0,1,1,4294967295
bgGameMakerBlock,7552,576,0,0,32,32,0,1,1,4294967295
bgGameMakerBlock,7520,576,0,0,32,32,0,1,1,4294967295
bgGameMakerBlock,7648,544,0,0,32,32,0,1,1,4294967295
bgGameMakerBlock,7648,512,0,0,32,32,0,1,1,4294967295
bgGameMakerBlock,7616,512,0,0,32,32,0,1,1,4294967295
bgGameMakerBlock,7552,512,0,0,32,32,0,1,1,4294967295
bgGameMakerBlock,7520,512,0,0,32,32,0,1,1,4294967295
bgGameMakerBlock,7520,544,0,0,32,32,0,1,1,4294967295
bgGameMakerBlock,6848,576,0,0,32,32,0,1,1,4294967295
bgGameMakerBlock,6816,576,0,0,32,32,0,1,1,4294967295
bgGameMakerBlock,6784,576,0,0,32,32,0,1,1,4294967295
bgGameMakerBlock,6752,576,0,0,32,32,0,1,1,4294967295
bgGameMakerBlock,6720,576,0,0,32,32,0,1,1,4294967295
bgGameMakerBlock,6848,544,0,0,32,32,0,1,1,4294967295
bgGameMakerBlock,6848,512,0,0,32,32,0,1,1,4294967295
bgGameMakerBlock,6816,512,0,0,32,32,0,1,1,4294967295
bgGameMakerBlock,6752,512,0,0,32,32,0,1,1,4294967295
bgGameMakerBlock,6720,512,0,0,32,32,0,1,1,4294967295
bgGameMakerBlock,6720,544,0,0,32,32,0,1,1,4294967295
bgGameMakerBlock,6048,576,0,0,32,32,0,1,1,4294967295
bgGameMakerBlock,6016,576,0,0,32,32,0,1,1,4294967295
bgGameMakerBlock,5984,576,0,0,32,32,0,1,1,4294967295
bgGameMakerBlock,5952,576,0,0,32,32,0,1,1,4294967295
bgGameMakerBlock,5920,576,0,0,32,32,0,1,1,4294967295
bgGameMakerBlock,6048,544,0,0,32,32,0,1,1,4294967295
bgGameMakerBlock,6048,512,0,0,32,32,0,1,1,4294967295
bgGameMakerBlock,6016,512,0,0,32,32,0,1,1,4294967295
bgGameMakerBlock,5952,512,0,0,32,32,0,1,1,4294967295
bgGameMakerBlock,5920,512,0,0,32,32,0,1,1,4294967295
bgGameMakerBlock,5920,544,0,0,32,32,0,1,1,4294967295
bgGameMakerBlock,5248,576,0,0,32,32,0,1,1,4294967295
bgGameMakerBlock,5216,576,0,0,32,32,0,1,1,4294967295
bgGameMakerBlock,5184,576,0,0,32,32,0,1,1,4294967295
bgGameMakerBlock,5152,576,0,0,32,32,0,1,1,4294967295
bgGameMakerBlock,5120,576,0,0,32,32,0,1,1,4294967295
bgGameMakerBlock,5248,544,0,0,32,32,0,1,1,4294967295
bgGameMakerBlock,5248,512,0,0,32,32,0,1,1,4294967295
bgGameMakerBlock,5216,512,0,0,32,32,0,1,1,4294967295
bgGameMakerBlock,5152,512,0,0,32,32,0,1,1,4294967295
bgGameMakerBlock,5120,512,0,0,32,32,0,1,1,4294967295
bgGameMakerBlock,5120,544,0,0,32,32,0,1,1,4294967295
bgGameMakerBlock,4448,576,0,0,32,32,0,1,1,4294967295
bgGameMakerBlock,4416,576,0,0,32,32,0,1,1,4294967295
bgGameMakerBlock,4384,576,0,0,32,32,0,1,1,4294967295
bgGameMakerBlock,4352,576,0,0,32,32,0,1,1,4294967295
bgGameMakerBlock,4320,576,0,0,32,32,0,1,1,4294967295
bgGameMakerBlock,4448,544,0,0,32,32,0,1,1,4294967295
bgGameMakerBlock,4448,512,0,0,32,32,0,1,1,4294967295
bgGameMakerBlock,4416,512,0,0,32,32,0,1,1,4294967295
bgGameMakerBlock,4352,512,0,0,32,32,0,1,1,4294967295
bgGameMakerBlock,4320,512,0,0,32,32,0,1,1,4294967295
bgGameMakerBlock,4320,544,0,0,32,32,0,1,1,4294967295
bgGameMakerBlock,3648,576,0,0,32,32,0,1,1,4294967295
bgGameMakerBlock,3616,576,0,0,32,32,0,1,1,4294967295
bgGameMakerBlock,3584,576,0,0,32,32,0,1,1,4294967295
bgGameMakerBlock,3552,576,0,0,32,32,0,1,1,4294967295
bgGameMakerBlock,3520,576,0,0,32,32,0,1,1,4294967295
bgGameMakerBlock,3648,544,0,0,32,32,0,1,1,4294967295
bgGameMakerBlock,3648,512,0,0,32,32,0,1,1,4294967295
bgGameMakerBlock,3616,512,0,0,32,32,0,1,1,4294967295
bgGameMakerBlock,3552,512,0,0,32,32,0,1,1,4294967295
bgGameMakerBlock,3520,512,0,0,32,32,0,1,1,4294967295
bgGameMakerBlock,3520,544,0,0,32,32,0,1,1,4294967295
bgGameMakerBlock,2848,576,0,0,32,32,0,1,1,4294967295
bgGameMakerBlock,2816,576,0,0,32,32,0,1,1,4294967295
bgGameMakerBlock,2784,576,0,0,32,32,0,1,1,4294967295
bgGameMakerBlock,2752,576,0,0,32,32,0,1,1,4294967295
bgGameMakerBlock,2720,576,0,0,32,32,0,1,1,4294967295
bgGameMakerBlock,2848,544,0,0,32,32,0,1,1,4294967295
bgGameMakerBlock,2848,512,0,0,32,32,0,1,1,4294967295
bgGameMakerBlock,2816,512,0,0,32,32,0,1,1,4294967295
bgGameMakerBlock,2752,512,0,0,32,32,0,1,1,4294967295
bgGameMakerBlock,2720,512,0,0,32,32,0,1,1,4294967295
bgGameMakerBlock,2720,544,0,0,32,32,0,1,1,4294967295
bgGameMakerBlock,2048,576,0,0,32,32,0,1,1,4294967295
bgGameMakerBlock,2016,576,0,0,32,32,0,1,1,4294967295
bgGameMakerBlock,1984,576,0,0,32,32,0,1,1,4294967295
bgGameMakerBlock,1952,576,0,0,32,32,0,1,1,4294967295
bgGameMakerBlock,1920,576,0,0,32,32,0,1,1,4294967295
bgGameMakerBlock,2048,544,0,0,32,32,0,1,1,4294967295
bgGameMakerBlock,2048,512,0,0,32,32,0,1,1,4294967295
bgGameMakerBlock,2016,512,0,0,32,32,0,1,1,4294967295
bgGameMakerBlock,1952,512,0,0,32,32,0,1,1,4294967295
bgGameMakerBlock,1920,512,0,0,32,32,0,1,1,4294967295
bgGameMakerBlock,1920,544,0,0,32,32,0,1,1,4294967295
bgGameMakerBlock,1248,576,0,0,32,32,0,1,1,4294967295
bgGameMakerBlock,1216,576,0,0,32,32,0,1,1,4294967295
bgGameMakerBlock,1184,576,0,0,32,32,0,1,1,4294967295
bgGameMakerBlock,1152,576,0,0,32,32,0,1,1,4294967295
bgGameMakerBlock,1120,576,0,0,32,32,0,1,1,4294967295
bgGameMakerBlock,1248,544,0,0,32,32,0,1,1,4294967295
bgGameMakerBlock,1248,512,0,0,32,32,0,1,1,4294967295
bgGameMakerBlock,1216,512,0,0,32,32,0,1,1,4294967295
bgGameMakerBlock,1152,512,0,0,32,32,0,1,1,4294967295
bgGameMakerBlock,1120,512,0,0,32,32,0,1,1,4294967295
bgGameMakerBlock,1120,544,0,0,32,32,0,1,1,4294967295
tile_IWBTG,480,160,32,96,32,32,0,1,1,4294967295
tile_IWBTG,448,160,224,96,32,32,0,1,1,4294967295
tile_IWBTG,416,160,224,96,32,32,0,1,1,4294967295
tile_IWBTG,384,160,224,96,32,32,0,1,1,4294967295
tile_IWBTG,256,0,128,320,32,32,0,1,1,4294967295
tile_IWBTG,224,0,128,320,32,32,0,1,1,4294967295
tile_IWBTG,192,0,128,320,32,32,0,1,1,4294967295
tile_IWBTG,160,0,128,320,32,32,0,1,1,4294967295
tile_IWBTG,128,0,128,320,32,32,0,1,1,4294967295
tile_IWBTG,96,0,128,320,32,32,0,1,1,4294967295
tile_IWBTG,64,0,128,320,32,32,0,1,1,4294967295
tile_IWBTG,32,0,128,320,32,32,0,1,1,4294967295
tile_IWBTG,128,32,128,320,32,32,0,1,1,4294967295
tile_IWBTG,96,32,128,320,32,32,0,1,1,4294967295
tile_IWBTG,64,32,128,320,32,32,0,1,1,4294967295
tile_IWBTG,32,32,128,320,32,32,0,1,1,4294967295
tile_IWBTG,256,32,160,320,32,32,0,1,1,4294967295
tile_IWBTG,224,32,160,320,32,32,0,1,1,4294967295
tile_IWBTG,192,32,160,320,32,32,0,1,1,4294967295
tile_IWBTG,160,32,160,320,32,32,0,1,1,4294967295
tile_IWBTG,128,64,160,320,32,32,0,1,1,4294967295
tile_IWBTG,96,64,160,320,32,32,0,1,1,4294967295
tile_IWBTG,64,64,160,320,32,32,0,1,1,4294967295
tile_IWBTG,32,64,160,320,32,32,0,1,1,4294967295
tile_IWBTG,480,288,192,288,32,64,0,1,1,4294967295
tile_IWBTG,448,288,192,288,32,64,0,1,1,4294967295
tile_IWBTG,416,288,192,288,32,64,0,1,1,4294967295
tile_IWBTG,384,288,192,288,32,64,0,1,1,4294967295
tile_IWBTG,128,288,32,96,32,32,0,1,1,4294967295
tile_IWBTG,128,448,32,96,32,32,0,1,1,4294967295
tile_IWBTG,128,416,32,64,32,32,0,1,1,4294967295
tile_IWBTG,128,384,32,64,32,32,0,1,1,4294967295
tile_IWBTG,128,352,32,64,32,32,0,1,1,4294967295
tile_IWBTG,512,320,32,64,32,32,0,1,1,4294967295
tile_IWBTG,512,288,32,64,32,32,0,1,1,4294967295
tile_IWBTG,352,288,32,64,32,32,0,1,1,4294967295
tile_IWBTG,320,320,0,96,32,32,0,1,1,4294967295
tile_IWBTG,288,320,0,96,32,32,0,1,1,4294967295
tile_IWBTG,256,320,0,96,32,32,0,1,1,4294967295
tile_IWBTG,224,320,0,96,32,32,0,1,1,4294967295
tile_IWBTG,192,320,0,96,32,32,0,1,1,4294967295
tile_IWBTG,160,320,0,96,32,32,0,1,1,4294967295
tile_IWBTG,480,352,0,96,32,32,0,1,1,4294967295
tile_IWBTG,448,352,0,96,32,32,0,1,1,4294967295
tile_IWBTG,416,352,0,96,32,32,0,1,1,4294967295
tile_IWBTG,384,352,0,96,32,32,0,1,1,4294967295
tile_IWBTG,480,256,0,96,32,32,0,1,1,4294967295
tile_IWBTG,448,256,0,96,32,32,0,1,1,4294967295
tile_IWBTG,416,256,0,96,32,32,0,1,1,4294967295
tile_IWBTG,384,256,0,96,32,32,0,1,1,4294967295
tile_IWBTG,320,160,0,96,32,32,0,1,1,4294967295
tile_IWBTG,288,160,0,96,32,32,0,1,1,4294967295
tile_IWBTG,256,160,0,96,32,32,0,1,1,4294967295
tile_IWBTG,224,160,32,96,32,32,0,1,1,4294967295
tile_IWBTG,352,160,32,96,32,32,0,1,1,4294967295
tile_IWBTG,128,320,32,96,32,32,0,1,1,4294967295
tile_IWBTG,512,256,32,96,32,32,0,1,1,4294967295
tile_IWBTG,512,352,32,96,32,32,0,1,1,4294967295
tile_IWBTG,352,352,32,96,32,32,0,1,1,4294967295
tile_IWBTG,352,320,32,96,32,32,0,1,1,4294967295
tile_IWBTG,352,256,32,96,32,32,0,1,1,4294967295
tile_IWBTG,288,576,160,288,32,32,0,1,1,4294967295
tile_IWBTG,256,576,160,288,32,32,0,1,1,4294967295
tile_IWBTG,224,576,160,288,32,32,0,1,1,4294967295
tile_IWBTG,192,576,160,288,32,32,0,1,1,4294967295
tile_IWBTG,160,576,160,288,32,32,0,1,1,4294967295
tile_IWBTG,128,576,160,288,32,32,0,1,1,4294967295
tile_IWBTG,96,576,160,288,32,32,0,1,1,4294967295
tile_IWBTG,64,576,160,288,32,32,0,1,1,4294967295
tile_IWBTG,32,576,160,288,32,32,0,1,1,4294967295
tile_IWBTG,0,576,128,320,32,32,0,1,1,4294967295
tile_IWBTG,0,544,128,320,32,32,0,1,1,4294967295
tile_IWBTG,0,512,128,320,32,32,0,1,1,4294967295
tile_IWBTG,0,480,128,320,32,32,0,1,1,4294967295
tile_IWBTG,0,448,128,320,32,32,0,1,1,4294967295
tile_IWBTG,0,416,128,320,32,32,0,1,1,4294967295
tile_IWBTG,0,384,128,320,32,32,0,1,1,4294967295
tile_IWBTG,0,352,128,320,32,32,0,1,1,4294967295
tile_IWBTG,0,320,128,320,32,32,0,1,1,4294967295
tile_IWBTG,0,288,128,320,32,32,0,1,1,4294967295
tile_IWBTG,0,256,128,320,32,32,0,1,1,4294967295
tile_IWBTG,0,224,128,320,32,32,0,1,1,4294967295
tile_IWBTG,0,192,128,320,32,32,0,1,1,4294967295
tile_IWBTG,0,160,128,320,32,32,0,1,1,4294967295
tile_IWBTG,0,128,128,320,32,32,0,1,1,4294967295
tile_IWBTG,0,96,128,320,32,32,0,1,1,4294967295
tile_IWBTG,0,64,128,320,32,32,0,1,1,4294967295
tile_IWBTG,0,32,128,320,32,32,0,1,1,4294967295
tile_IWBTG,0,0,128,320,32,32,0,1,1,4294967295
tile_IWBTG,768,0,32,32,32,32,0,1,1,4294967295
tile_IWBTG,768,32,32,32,32,32,0,1,1,4294967295
tile_IWBTG,768,64,32,32,32,32,0,1,1,4294967295
tile_IWBTG,768,96,32,32,32,32,0,1,1,4294967295
tile_IWBTG,768,128,32,32,32,32,0,1,1,4294967295
tile_IWBTG,768,160,32,32,32,32,0,1,1,4294967295
tile_IWBTG,768,192,32,32,32,32,0,1,1,4294967295
tile_IWBTG,768,224,32,32,32,32,0,1,1,4294967295
tile_IWBTG,768,256,32,32,32,32,0,1,1,4294967295
tile_IWBTG,768,288,32,32,32,32,0,1,1,4294967295
tile_IWBTG,768,320,32,32,32,32,0,1,1,4294967295
tile_IWBTG,768,352,32,32,32,32,0,1,1,4294967295
tile_IWBTG,768,384,32,32,32,32,0,1,1,4294967295
tile_IWBTG,768,416,32,32,32,32,0,1,1,4294967295
tile_IWBTG,768,448,32,32,32,32,0,1,1,4294967295
tile_IWBTG,768,480,32,32,32,32,0,1,1,4294967295
tile_IWBTG,768,512,32,32,32,32,0,1,1,4294967295
tile_IWBTG,768,544,32,32,32,32,0,1,1,4294967295
tile_IWBTG,768,576,32,32,32,32,0,1,1,4294967295
bgGameMakerBlock,448,576,0,0,32,32,0,1,1,4294967295
bgGameMakerBlock,416,576,0,0,32,32,0,1,1,4294967295
bgGameMakerBlock,384,576,0,0,32,32,0,1,1,4294967295
bgGameMakerBlock,352,576,0,0,32,32,0,1,1,4294967295
bgGameMakerBlock,320,576,0,0,32,32,0,1,1,4294967295
bgGameMakerBlock,448,544,0,0,32,32,0,1,1,4294967295
bgGameMakerBlock,448,512,0,0,32,32,0,1,1,4294967295
bgGameMakerBlock,416,512,0,0,32,32,0,1,1,4294967295
bgGameMakerBlock,352,512,0,0,32,32,0,1,1,4294967295
bgGameMakerBlock,320,512,0,0,32,32,0,1,1,4294967295
bgGameMakerBlock,320,544,0,0,32,32,0,1,1,4294967295
tile_IWBTG,736,576,0,32,32,32,0,1,1,4294967295
tile_IWBTG,704,576,0,32,32,32,0,1,1,4294967295
tile_IWBTG,672,576,0,32,32,32,0,1,1,4294967295
tile_IWBTG,640,576,0,32,32,32,0,1,1,4294967295
bgTree,640,403,0,0,111,175,0,1,1,4294967295
tile_IWBTG,240,544,224,320,64,32,0,1,1,4294967295
tile_IWBTG,144,544,224,320,64,32,0,1,1,4294967295
tile_Rainbow,7968,0,32,96,32,32,0,1,1,4294967295
tile_Rainbow,7968,32,32,96,32,32,0,1,1,4294967295
tile_Rainbow,7968,64,32,96,32,32,0,1,1,4294967295
tile_Rainbow,7968,96,32,96,32,32,0,1,1,4294967295
tile_Rainbow,7968,128,32,96,32,32,0,1,1,4294967295
tile_Rainbow,7968,160,32,96,32,32,0,1,1,4294967295
tile_Rainbow,7968,192,32,96,32,32,0,1,1,4294967295
tile_Rainbow,7968,224,32,96,32,32,0,1,1,4294967295
tile_Rainbow,7968,256,32,96,32,32,0,1,1,4294967295
tile_Rainbow,7968,288,32,96,32,32,0,1,1,4294967295
tile_Rainbow,7968,320,32,96,32,32,0,1,1,4294967295
tile_Rainbow,7968,352,32,96,32,32,0,1,1,4294967295
tile_Rainbow,7968,384,32,96,32,32,0,1,1,4294967295
tile_Rainbow,7968,416,32,96,32,32,0,1,1,4294967295
tile_Rainbow,7968,448,32,96,32,32,0,1,1,4294967295
tile_Rainbow,7968,480,32,96,32,32,0,1,1,4294967295
tile_Rainbow,7968,512,32,96,32,32,0,1,1,4294967295
tile_Rainbow,7968,544,32,96,32,32,0,1,1,4294967295
tile_Rainbow,7968,576,32,96,32,32,0,1,1,4294967295
tile_Rainbow,7936,576,32,96,32,32,0,1,1,4294967295
tile_Rainbow,7904,576,32,96,32,32,0,1,1,4294967295
tile_Rainbow,7872,576,32,96,32,32,0,1,1,4294967295
tile_Rainbow,7840,576,32,96,32,32,0,1,1,4294967295
tile_Rainbow,7808,576,32,96,32,32,0,1,1,4294967295
tile_Rainbow,7776,576,32,96,32,32,0,1,1,4294967295
tile_Rainbow,7744,576,32,96,32,32,0,1,1,4294967295
tile_Rainbow,7712,576,32,96,32,32,0,1,1,4294967295
tile_Rainbow,7680,576,32,96,32,32,0,1,1,4294967295
tile_Rainbow,7488,576,32,96,32,32,0,1,1,4294967295
tile_Rainbow,7456,576,32,96,32,32,0,1,1,4294967295
tile_Rainbow,7424,576,32,96,32,32,0,1,1,4294967295
tile_Rainbow,7392,576,32,96,32,32,0,1,1,4294967295
tile_Rainbow,7360,576,32,96,32,32,0,1,1,4294967295
tile_Rainbow,7328,576,32,96,32,32,0,1,1,4294967295
tile_Rainbow,7296,576,32,96,32,32,0,1,1,4294967295
tile_Rainbow,7264,576,32,96,32,32,0,1,1,4294967295
tile_Rainbow,7232,576,32,96,32,32,0,1,1,4294967295
tile_Rainbow,7200,576,32,96,32,32,0,1,1,4294967295
tile_Rainbow,7200,544,32,96,32,32,0,1,1,4294967295
tile_Rainbow,7200,512,32,96,32,32,0,1,1,4294967295
tile_Rainbow,7200,480,32,96,32,32,0,1,1,4294967295
tile_Rainbow,7200,448,32,96,32,32,0,1,1,4294967295
tile_Rainbow,7200,416,32,96,32,32,0,1,1,4294967295
tile_Rainbow,7200,384,32,96,32,32,0,1,1,4294967295
tile_Rainbow,7200,352,32,96,32,32,0,1,1,4294967295
tile_Rainbow,7200,320,32,96,32,32,0,1,1,4294967295
tile_Rainbow,7200,288,32,96,32,32,0,1,1,4294967295
tile_Rainbow,7200,256,32,96,32,32,0,1,1,4294967295
tile_Rainbow,7200,224,32,96,32,32,0,1,1,4294967295
tile_Rainbow,7200,192,32,96,32,32,0,1,1,4294967295
tile_Rainbow,7200,160,32,96,32,32,0,1,1,4294967295
tile_Rainbow,7200,128,32,96,32,32,0,1,1,4294967295
tile_Rainbow,7200,96,32,96,32,32,0,1,1,4294967295
tile_Rainbow,7200,64,32,96,32,32,0,1,1,4294967295
tile_Rainbow,7200,32,32,96,32,32,0,1,1,4294967295
tile_Rainbow,7200,0,32,96,32,32,0,1,1,4294967295
tile_Rainbow,7168,0,64,0,32,32,0,1,1,4294967295
tile_Rainbow,7168,32,64,0,32,32,0,1,1,4294967295
tile_Rainbow,7168,64,64,0,32,32,0,1,1,4294967295
tile_Rainbow,7168,96,64,0,32,32,0,1,1,4294967295
tile_Rainbow,7168,128,64,0,32,32,0,1,1,4294967295
tile_Rainbow,7168,160,64,0,32,32,0,1,1,4294967295
tile_Rainbow,7168,192,64,0,32,32,0,1,1,4294967295
tile_Rainbow,7168,224,64,0,32,32,0,1,1,4294967295
tile_Rainbow,7168,256,64,0,32,32,0,1,1,4294967295
tile_Rainbow,7168,288,64,0,32,32,0,1,1,4294967295
tile_Rainbow,7168,320,64,0,32,32,0,1,1,4294967295
tile_Rainbow,7168,352,64,0,32,32,0,1,1,4294967295
tile_Rainbow,7168,384,64,0,32,32,0,1,1,4294967295
tile_Rainbow,7168,416,64,0,32,32,0,1,1,4294967295
tile_Rainbow,7168,448,64,0,32,32,0,1,1,4294967295
tile_Rainbow,7168,480,64,0,32,32,0,1,1,4294967295
tile_Rainbow,7168,512,64,0,32,32,0,1,1,4294967295
tile_Rainbow,7168,544,64,0,32,32,0,1,1,4294967295
tile_Rainbow,7168,576,64,0,32,32,0,1,1,4294967295
tile_Rainbow,7136,576,64,0,32,32,0,1,1,4294967295
tile_Rainbow,7104,576,64,0,32,32,0,1,1,4294967295
tile_Rainbow,7072,576,64,0,32,32,0,1,1,4294967295
tile_Rainbow,7040,576,64,0,32,32,0,1,1,4294967295
tile_Rainbow,7008,576,64,0,32,32,0,1,1,4294967295
tile_Rainbow,6976,576,64,0,32,32,0,1,1,4294967295
tile_Rainbow,6944,576,64,0,32,32,0,1,1,4294967295
tile_Rainbow,6912,576,64,0,32,32,0,1,1,4294967295
tile_Rainbow,6880,576,64,0,32,32,0,1,1,4294967295
tile_Rainbow,6688,576,64,0,32,32,0,1,1,4294967295
tile_Rainbow,6656,576,64,0,32,32,0,1,1,4294967295
tile_Rainbow,6624,576,64,0,32,32,0,1,1,4294967295
tile_Rainbow,6592,576,64,0,32,32,0,1,1,4294967295
tile_Rainbow,6560,576,64,0,32,32,0,1,1,4294967295
tile_Rainbow,6528,576,64,0,32,32,0,1,1,4294967295
tile_Rainbow,6496,576,64,0,32,32,0,1,1,4294967295
tile_Rainbow,6464,576,64,0,32,32,0,1,1,4294967295
tile_Rainbow,6432,576,64,0,32,32,0,1,1,4294967295
tile_Rainbow,6400,576,64,0,32,32,0,1,1,4294967295
tile_Rainbow,6400,544,64,0,32,32,0,1,1,4294967295
tile_Rainbow,6400,512,64,0,32,32,0,1,1,4294967295
tile_Rainbow,6400,480,64,0,32,32,0,1,1,4294967295
tile_Rainbow,6400,448,64,0,32,32,0,1,1,4294967295
tile_Rainbow,6400,416,64,0,32,32,0,1,1,4294967295
tile_Rainbow,6400,384,64,0,32,32,0,1,1,4294967295
tile_Rainbow,6400,352,64,0,32,32,0,1,1,4294967295
tile_Rainbow,6400,320,64,0,32,32,0,1,1,4294967295
tile_Rainbow,6400,288,64,0,32,32,0,1,1,4294967295
tile_Rainbow,6400,256,64,0,32,32,0,1,1,4294967295
tile_Rainbow,6400,224,64,0,32,32,0,1,1,4294967295
tile_Rainbow,6400,192,64,0,32,32,0,1,1,4294967295
tile_Rainbow,6400,160,64,0,32,32,0,1,1,4294967295
tile_Rainbow,6400,128,64,0,32,32,0,1,1,4294967295
tile_Rainbow,6400,96,64,0,32,32,0,1,1,4294967295
tile_Rainbow,6400,64,64,0,32,32,0,1,1,4294967295
tile_Rainbow,6400,32,64,0,32,32,0,1,1,4294967295
tile_Rainbow,6400,0,64,0,32,32,0,1,1,4294967295
tile_Rainbow,6368,0,32,0,32,32,0,1,1,4294967295
tile_Rainbow,6368,32,32,0,32,32,0,1,1,4294967295
tile_Rainbow,6368,64,32,0,32,32,0,1,1,4294967295
tile_Rainbow,6368,96,32,0,32,32,0,1,1,4294967295
tile_Rainbow,6368,128,32,0,32,32,0,1,1,4294967295
tile_Rainbow,6368,160,32,0,32,32,0,1,1,4294967295
tile_Rainbow,6368,192,32,0,32,32,0,1,1,4294967295
tile_Rainbow,6368,224,32,0,32,32,0,1,1,4294967295
tile_Rainbow,6368,256,32,0,32,32,0,1,1,4294967295
tile_Rainbow,6368,288,32,0,32,32,0,1,1,4294967295
tile_Rainbow,6368,320,32,0,32,32,0,1,1,4294967295
tile_Rainbow,6368,352,32,0,32,32,0,1,1,4294967295
tile_Rainbow,6368,384,32,0,32,32,0,1,1,4294967295
tile_Rainbow,6368,416,32,0,32,32,0,1,1,4294967295
tile_Rainbow,6368,448,32,0,32,32,0,1,1,4294967295
tile_Rainbow,6368,480,32,0,32,32,0,1,1,4294967295
tile_Rainbow,6368,512,32,0,32,32,0,1,1,4294967295
tile_Rainbow,6368,544,32,0,32,32,0,1,1,4294967295
tile_Rainbow,6368,576,32,0,32,32,0,1,1,4294967295
tile_Rainbow,6336,576,32,0,32,32,0,1,1,4294967295
tile_Rainbow,6304,576,32,0,32,32,0,1,1,4294967295
tile_Rainbow,6272,576,32,0,32,32,0,1,1,4294967295
tile_Rainbow,6240,576,32,0,32,32,0,1,1,4294967295
tile_Rainbow,6208,576,32,0,32,32,0,1,1,4294967295
tile_Rainbow,6176,576,32,0,32,32,0,1,1,4294967295
tile_Rainbow,6144,576,32,0,32,32,0,1,1,4294967295
tile_Rainbow,6112,576,32,0,32,32,0,1,1,4294967295
tile_Rainbow,6080,576,32,0,32,32,0,1,1,4294967295
tile_Rainbow,5888,576,32,0,32,32,0,1,1,4294967295
tile_Rainbow,5856,576,32,0,32,32,0,1,1,4294967295
tile_Rainbow,5824,576,32,0,32,32,0,1,1,4294967295
tile_Rainbow,5792,576,32,0,32,32,0,1,1,4294967295
tile_Rainbow,5760,576,32,0,32,32,0,1,1,4294967295
tile_Rainbow,5728,576,32,0,32,32,0,1,1,4294967295
tile_Rainbow,5696,576,32,0,32,32,0,1,1,4294967295
tile_Rainbow,5664,576,32,0,32,32,0,1,1,4294967295
tile_Rainbow,5632,576,32,0,32,32,0,1,1,4294967295
tile_Rainbow,5600,576,32,0,32,32,0,1,1,4294967295
tile_Rainbow,5600,544,32,0,32,32,0,1,1,4294967295
tile_Rainbow,5600,512,32,0,32,32,0,1,1,4294967295
tile_Rainbow,5600,480,32,0,32,32,0,1,1,4294967295
tile_Rainbow,5600,448,32,0,32,32,0,1,1,4294967295
tile_Rainbow,5600,416,32,0,32,32,0,1,1,4294967295
tile_Rainbow,5600,384,32,0,32,32,0,1,1,4294967295
tile_Rainbow,5600,352,32,0,32,32,0,1,1,4294967295
tile_Rainbow,5600,320,32,0,32,32,0,1,1,4294967295
tile_Rainbow,5600,288,32,0,32,32,0,1,1,4294967295
tile_Rainbow,5600,256,32,0,32,32,0,1,1,4294967295
tile_Rainbow,5600,224,32,0,32,32,0,1,1,4294967295
tile_Rainbow,5600,192,32,0,32,32,0,1,1,4294967295
tile_Rainbow,5600,160,32,0,32,32,0,1,1,4294967295
tile_Rainbow,5600,128,32,0,32,32,0,1,1,4294967295
tile_Rainbow,5600,96,32,0,32,32,0,1,1,4294967295
tile_Rainbow,5600,64,32,0,32,32,0,1,1,4294967295
tile_Rainbow,5600,32,32,0,32,32,0,1,1,4294967295
tile_Rainbow,5600,0,32,0,32,32,0,1,1,4294967295
tile_Rainbow,5568,0,96,64,32,32,0,1,1,4294967295
tile_Rainbow,5568,32,96,64,32,32,0,1,1,4294967295
tile_Rainbow,5568,64,96,64,32,32,0,1,1,4294967295
tile_Rainbow,5568,96,96,64,32,32,0,1,1,4294967295
tile_Rainbow,5568,128,96,64,32,32,0,1,1,4294967295
tile_Rainbow,5568,160,96,64,32,32,0,1,1,4294967295
tile_Rainbow,5568,192,96,64,32,32,0,1,1,4294967295
tile_Rainbow,5568,224,96,64,32,32,0,1,1,4294967295
tile_Rainbow,5568,256,96,64,32,32,0,1,1,4294967295
tile_Rainbow,5568,288,96,64,32,32,0,1,1,4294967295
tile_Rainbow,5568,320,96,64,32,32,0,1,1,4294967295
tile_Rainbow,5568,352,96,64,32,32,0,1,1,4294967295
tile_Rainbow,5568,384,96,64,32,32,0,1,1,4294967295
tile_Rainbow,5568,416,96,64,32,32,0,1,1,4294967295
tile_Rainbow,5568,448,96,64,32,32,0,1,1,4294967295
tile_Rainbow,5568,480,96,64,32,32,0,1,1,4294967295
tile_Rainbow,5568,512,96,64,32,32,0,1,1,4294967295
tile_Rainbow,5568,544,96,64,32,32,0,1,1,4294967295
tile_Rainbow,5568,576,96,64,32,32,0,1,1,4294967295
tile_Rainbow,5536,576,96,64,32,32,0,1,1,4294967295
tile_Rainbow,5504,576,96,64,32,32,0,1,1,4294967295
tile_Rainbow,5472,576,96,64,32,32,0,1,1,4294967295
tile_Rainbow,5440,576,96,64,32,32,0,1,1,4294967295
tile_Rainbow,5408,576,96,64,32,32,0,1,1,4294967295
tile_Rainbow,5376,576,96,64,32,32,0,1,1,4294967295
tile_Rainbow,5344,576,96,64,32,32,0,1,1,4294967295
tile_Rainbow,5312,576,96,64,32,32,0,1,1,4294967295
tile_Rainbow,5280,576,96,64,32,32,0,1,1,4294967295
tile_Rainbow,5088,576,96,64,32,32,0,1,1,4294967295
tile_Rainbow,5056,576,96,64,32,32,0,1,1,4294967295
tile_Rainbow,5024,576,96,64,32,32,0,1,1,4294967295
tile_Rainbow,4992,576,96,64,32,32,0,1,1,4294967295
tile_Rainbow,4960,576,96,64,32,32,0,1,1,4294967295
tile_Rainbow,4928,576,96,64,32,32,0,1,1,4294967295
tile_Rainbow,4896,576,96,64,32,32,0,1,1,4294967295
tile_Rainbow,4864,576,96,64,32,32,0,1,1,4294967295
tile_Rainbow,4832,576,96,64,32,32,0,1,1,4294967295
tile_Rainbow,4800,576,96,64,32,32,0,1,1,4294967295
tile_Rainbow,4800,544,96,64,32,32,0,1,1,4294967295
tile_Rainbow,4800,512,96,64,32,32,0,1,1,4294967295
tile_Rainbow,4800,480,96,64,32,32,0,1,1,4294967295
tile_Rainbow,4800,448,96,64,32,32,0,1,1,4294967295
tile_Rainbow,4800,416,96,64,32,32,0,1,1,4294967295
tile_Rainbow,4800,384,96,64,32,32,0,1,1,4294967295
tile_Rainbow,4800,352,96,64,32,32,0,1,1,4294967295
tile_Rainbow,4800,320,96,64,32,32,0,1,1,4294967295
tile_Rainbow,4800,288,96,64,32,32,0,1,1,4294967295
tile_Rainbow,4800,256,96,64,32,32,0,1,1,4294967295
tile_Rainbow,4800,224,96,64,32,32,0,1,1,4294967295
tile_Rainbow,4800,192,96,64,32,32,0,1,1,4294967295
tile_Rainbow,4800,160,96,64,32,32,0,1,1,4294967295
tile_Rainbow,4800,128,96,64,32,32,0,1,1,4294967295
tile_Rainbow,4800,96,96,64,32,32,0,1,1,4294967295
tile_Rainbow,4800,64,96,64,32,32,0,1,1,4294967295
tile_Rainbow,4800,32,96,64,32,32,0,1,1,4294967295
tile_Rainbow,4800,0,96,64,32,32,0,1,1,4294967295
tile_Rainbow,4768,0,64,64,32,32,0,1,1,4294967295
tile_Rainbow,4768,32,64,64,32,32,0,1,1,4294967295
tile_Rainbow,4768,64,64,64,32,32,0,1,1,4294967295
tile_Rainbow,4768,96,64,64,32,32,0,1,1,4294967295
tile_Rainbow,4768,128,64,64,32,32,0,1,1,4294967295
tile_Rainbow,4768,160,64,64,32,32,0,1,1,4294967295
tile_Rainbow,4768,192,64,64,32,32,0,1,1,4294967295
tile_Rainbow,4768,224,64,64,32,32,0,1,1,4294967295
tile_Rainbow,4768,256,64,64,32,32,0,1,1,4294967295
tile_Rainbow,4768,288,64,64,32,32,0,1,1,4294967295
tile_Rainbow,4768,320,64,64,32,32,0,1,1,4294967295
tile_Rainbow,4768,352,64,64,32,32,0,1,1,4294967295
tile_Rainbow,4768,384,64,64,32,32,0,1,1,4294967295
tile_Rainbow,4768,416,64,64,32,32,0,1,1,4294967295
tile_Rainbow,4768,448,64,64,32,32,0,1,1,4294967295
tile_Rainbow,4768,480,64,64,32,32,0,1,1,4294967295
tile_Rainbow,4768,512,64,64,32,32,0,1,1,4294967295
tile_Rainbow,4768,544,64,64,32,32,0,1,1,4294967295
tile_Rainbow,4768,576,64,64,32,32,0,1,1,4294967295
tile_Rainbow,4736,576,64,64,32,32,0,1,1,4294967295
tile_Rainbow,4704,576,64,64,32,32,0,1,1,4294967295
tile_Rainbow,4672,576,64,64,32,32,0,1,1,4294967295
tile_Rainbow,4640,576,64,64,32,32,0,1,1,4294967295
tile_Rainbow,4608,576,64,64,32,32,0,1,1,4294967295
tile_Rainbow,4576,576,64,64,32,32,0,1,1,4294967295
tile_Rainbow,4544,576,64,64,32,32,0,1,1,4294967295
tile_Rainbow,4512,576,64,64,32,32,0,1,1,4294967295
tile_Rainbow,4480,576,64,64,32,32,0,1,1,4294967295
tile_Rainbow,4288,576,64,64,32,32,0,1,1,4294967295
tile_Rainbow,4256,576,64,64,32,32,0,1,1,4294967295
tile_Rainbow,4224,576,64,64,32,32,0,1,1,4294967295
tile_Rainbow,4192,576,64,64,32,32,0,1,1,4294967295
tile_Rainbow,4160,576,64,64,32,32,0,1,1,4294967295
tile_Rainbow,4128,576,64,64,32,32,0,1,1,4294967295
tile_Rainbow,4096,576,64,64,32,32,0,1,1,4294967295
tile_Rainbow,4064,576,64,64,32,32,0,1,1,4294967295
tile_Rainbow,4032,576,64,64,32,32,0,1,1,4294967295
tile_Rainbow,4000,576,64,64,32,32,0,1,1,4294967295
tile_Rainbow,4000,544,64,64,32,32,0,1,1,4294967295
tile_Rainbow,4000,512,64,64,32,32,0,1,1,4294967295
tile_Rainbow,4000,480,64,64,32,32,0,1,1,4294967295
tile_Rainbow,4000,448,64,64,32,32,0,1,1,4294967295
tile_Rainbow,4000,416,64,64,32,32,0,1,1,4294967295
tile_Rainbow,4000,384,64,64,32,32,0,1,1,4294967295
tile_Rainbow,4000,352,64,64,32,32,0,1,1,4294967295
tile_Rainbow,4000,320,64,64,32,32,0,1,1,4294967295
tile_Rainbow,4000,288,64,64,32,32,0,1,1,4294967295
tile_Rainbow,4000,256,64,64,32,32,0,1,1,4294967295
tile_Rainbow,4000,224,64,64,32,32,0,1,1,4294967295
tile_Rainbow,4000,192,64,64,32,32,0,1,1,4294967295
tile_Rainbow,4000,160,64,64,32,32,0,1,1,4294967295
tile_Rainbow,4000,128,64,64,32,32,0,1,1,4294967295
tile_Rainbow,4000,96,64,64,32,32,0,1,1,4294967295
tile_Rainbow,4000,64,64,64,32,32,0,1,1,4294967295
tile_Rainbow,4000,32,64,64,32,32,0,1,1,4294967295
tile_Rainbow,4000,0,64,64,32,32,0,1,1,4294967295
tile_Rainbow,3968,0,32,64,32,32,0,1,1,4294967295
tile_Rainbow,3968,32,32,64,32,32,0,1,1,4294967295
tile_Rainbow,3968,64,32,64,32,32,0,1,1,4294967295
tile_Rainbow,3968,96,32,64,32,32,0,1,1,4294967295
tile_Rainbow,3968,128,32,64,32,32,0,1,1,4294967295
tile_Rainbow,3968,160,32,64,32,32,0,1,1,4294967295
tile_Rainbow,3968,192,32,64,32,32,0,1,1,4294967295
tile_Rainbow,3968,224,32,64,32,32,0,1,1,4294967295
tile_Rainbow,3968,256,32,64,32,32,0,1,1,4294967295
tile_Rainbow,3968,288,32,64,32,32,0,1,1,4294967295
tile_Rainbow,3968,320,32,64,32,32,0,1,1,4294967295
tile_Rainbow,3968,352,32,64,32,32,0,1,1,4294967295
tile_Rainbow,3968,384,32,64,32,32,0,1,1,4294967295
tile_Rainbow,3968,416,32,64,32,32,0,1,1,4294967295
tile_Rainbow,3968,448,32,64,32,32,0,1,1,4294967295
tile_Rainbow,3968,480,32,64,32,32,0,1,1,4294967295
tile_Rainbow,3968,512,32,64,32,32,0,1,1,4294967295
tile_Rainbow,3968,544,32,64,32,32,0,1,1,4294967295
tile_Rainbow,3968,576,32,64,32,32,0,1,1,4294967295
tile_Rainbow,3936,576,32,64,32,32,0,1,1,4294967295
tile_Rainbow,3904,576,32,64,32,32,0,1,1,4294967295
tile_Rainbow,3872,576,32,64,32,32,0,1,1,4294967295
tile_Rainbow,3840,576,32,64,32,32,0,1,1,4294967295
tile_Rainbow,3808,576,32,64,32,32,0,1,1,4294967295
tile_Rainbow,3776,576,32,64,32,32,0,1,1,4294967295
tile_Rainbow,3744,576,32,64,32,32,0,1,1,4294967295
tile_Rainbow,3712,576,32,64,32,32,0,1,1,4294967295
tile_Rainbow,3680,576,32,64,32,32,0,1,1,4294967295
tile_Rainbow,3200,0,32,64,32,32,0,1,1,4294967295
tile_Rainbow,3200,32,32,64,32,32,0,1,1,4294967295
tile_Rainbow,3200,64,32,64,32,32,0,1,1,4294967295
tile_Rainbow,3200,96,32,64,32,32,0,1,1,4294967295
tile_Rainbow,3200,128,32,64,32,32,0,1,1,4294967295
tile_Rainbow,3200,160,32,64,32,32,0,1,1,4294967295
tile_Rainbow,3200,192,32,64,32,32,0,1,1,4294967295
tile_Rainbow,3200,224,32,64,32,32,0,1,1,4294967295
tile_Rainbow,3200,256,32,64,32,32,0,1,1,4294967295
tile_Rainbow,3200,288,32,64,32,32,0,1,1,4294967295
tile_Rainbow,3200,320,32,64,32,32,0,1,1,4294967295
tile_Rainbow,3200,352,32,64,32,32,0,1,1,4294967295
tile_Rainbow,3200,384,32,64,32,32,0,1,1,4294967295
tile_Rainbow,3200,416,32,64,32,32,0,1,1,4294967295
tile_Rainbow,3200,448,32,64,32,32,0,1,1,4294967295
tile_Rainbow,3200,480,32,64,32,32,0,1,1,4294967295
tile_Rainbow,3200,512,32,64,32,32,0,1,1,4294967295
tile_Rainbow,3200,544,32,64,32,32,0,1,1,4294967295
tile_Rainbow,3200,576,32,64,32,32,0,1,1,4294967295
tile_Rainbow,3232,576,32,64,32,32,0,1,1,4294967295
tile_Rainbow,3264,576,32,64,32,32,0,1,1,4294967295
tile_Rainbow,3296,576,32,64,32,32,0,1,1,4294967295
tile_Rainbow,3328,576,32,64,32,32,0,1,1,4294967295
tile_Rainbow,3360,576,32,64,32,32,0,1,1,4294967295
tile_Rainbow,3392,576,32,64,32,32,0,1,1,4294967295
tile_Rainbow,3424,576,32,64,32,32,0,1,1,4294967295
tile_Rainbow,3456,576,32,64,32,32,0,1,1,4294967295
tile_Rainbow,3488,576,32,64,32,32,0,1,1,4294967295
tile_Rainbow,3168,0,96,32,32,32,0,1,1,4294967295
tile_Rainbow,3168,32,96,32,32,32,0,1,1,4294967295
tile_Rainbow,3168,64,96,32,32,32,0,1,1,4294967295
tile_Rainbow,3168,96,96,32,32,32,0,1,1,4294967295
tile_Rainbow,3168,128,96,32,32,32,0,1,1,4294967295
tile_Rainbow,3168,160,96,32,32,32,0,1,1,4294967295
tile_Rainbow,3168,192,96,32,32,32,0,1,1,4294967295
tile_Rainbow,3168,224,96,32,32,32,0,1,1,4294967295
tile_Rainbow,3168,256,96,32,32,32,0,1,1,4294967295
tile_Rainbow,3168,288,96,32,32,32,0,1,1,4294967295
tile_Rainbow,3168,320,96,32,32,32,0,1,1,4294967295
tile_Rainbow,3168,352,96,32,32,32,0,1,1,4294967295
tile_Rainbow,3168,384,96,32,32,32,0,1,1,4294967295
tile_Rainbow,3168,416,96,32,32,32,0,1,1,4294967295
tile_Rainbow,3168,448,96,32,32,32,0,1,1,4294967295
tile_Rainbow,3168,480,96,32,32,32,0,1,1,4294967295
tile_Rainbow,3168,512,96,32,32,32,0,1,1,4294967295
tile_Rainbow,3168,544,96,32,32,32,0,1,1,4294967295
tile_Rainbow,3168,576,96,32,32,32,0,1,1,4294967295
tile_Rainbow,3136,576,96,32,32,32,0,1,1,4294967295
tile_Rainbow,3104,576,96,32,32,32,0,1,1,4294967295
tile_Rainbow,3072,576,96,32,32,32,0,1,1,4294967295
tile_Rainbow,3040,576,96,32,32,32,0,1,1,4294967295
tile_Rainbow,3008,576,96,32,32,32,0,1,1,4294967295
tile_Rainbow,2976,576,96,32,32,32,0,1,1,4294967295
tile_Rainbow,2944,576,96,32,32,32,0,1,1,4294967295
tile_Rainbow,2912,576,96,32,32,32,0,1,1,4294967295
tile_Rainbow,2880,576,96,32,32,32,0,1,1,4294967295
tile_Rainbow,2688,576,96,32,32,32,0,1,1,4294967295
tile_Rainbow,2656,576,96,32,32,32,0,1,1,4294967295
tile_Rainbow,2624,576,96,32,32,32,0,1,1,4294967295
tile_Rainbow,2592,576,96,32,32,32,0,1,1,4294967295
tile_Rainbow,2560,576,96,32,32,32,0,1,1,4294967295
tile_Rainbow,2528,576,96,32,32,32,0,1,1,4294967295
tile_Rainbow,2496,576,96,32,32,32,0,1,1,4294967295
tile_Rainbow,2464,576,96,32,32,32,0,1,1,4294967295
tile_Rainbow,2432,576,96,32,32,32,0,1,1,4294967295
tile_Rainbow,2400,192,96,32,32,32,0,1,1,4294967295
tile_Rainbow,2400,576,96,32,32,32,0,1,1,4294967295
tile_Rainbow,2400,544,96,32,32,32,0,1,1,4294967295
tile_Rainbow,2400,512,96,32,32,32,0,1,1,4294967295
tile_Rainbow,2400,480,96,32,32,32,0,1,1,4294967295
tile_Rainbow,2400,448,96,32,32,32,0,1,1,4294967295
tile_Rainbow,2400,416,96,32,32,32,0,1,1,4294967295
tile_Rainbow,2400,384,96,32,32,32,0,1,1,4294967295
tile_Rainbow,2400,352,96,32,32,32,0,1,1,4294967295
tile_Rainbow,2400,320,96,32,32,32,0,1,1,4294967295
tile_Rainbow,2400,288,96,32,32,32,0,1,1,4294967295
tile_Rainbow,2400,256,96,32,32,32,0,1,1,4294967295
tile_Rainbow,2400,224,96,32,32,32,0,1,1,4294967295
tile_Rainbow,2400,160,96,32,32,32,0,1,1,4294967295
tile_Rainbow,2400,128,96,32,32,32,0,1,1,4294967295
tile_Rainbow,2400,96,96,32,32,32,0,1,1,4294967295
tile_Rainbow,2400,64,96,32,32,32,0,1,1,4294967295
tile_Rainbow,2400,32,96,32,32,32,0,1,1,4294967295
tile_Rainbow,2400,0,96,32,32,32,0,1,1,4294967295
tile_Rainbow,2368,0,0,32,32,32,0,1,1,4294967295
tile_Rainbow,2368,32,0,32,32,32,0,1,1,4294967295
tile_Rainbow,2368,64,0,32,32,32,0,1,1,4294967295
tile_Rainbow,2368,96,0,32,32,32,0,1,1,4294967295
tile_Rainbow,2368,128,0,32,32,32,0,1,1,4294967295
tile_Rainbow,2368,160,0,32,32,32,0,1,1,4294967295
tile_Rainbow,2368,192,0,32,32,32,0,1,1,4294967295
tile_Rainbow,2368,224,0,32,32,32,0,1,1,4294967295
tile_Rainbow,2368,256,0,32,32,32,0,1,1,4294967295
tile_Rainbow,2368,288,0,32,32,32,0,1,1,4294967295
tile_Rainbow,2368,320,0,32,32,32,0,1,1,4294967295
tile_Rainbow,2368,352,0,32,32,32,0,1,1,4294967295
tile_Rainbow,2368,384,0,32,32,32,0,1,1,4294967295
tile_Rainbow,2368,416,0,32,32,32,0,1,1,4294967295
tile_Rainbow,2368,448,0,32,32,32,0,1,1,4294967295
tile_Rainbow,2368,480,0,32,32,32,0,1,1,4294967295
tile_Rainbow,2368,512,0,32,32,32,0,1,1,4294967295
tile_Rainbow,2368,544,0,32,32,32,0,1,1,4294967295
tile_Rainbow,2368,576,0,32,32,32,0,1,1,4294967295
tile_Rainbow,2336,576,0,32,32,32,0,1,1,4294967295
tile_Rainbow,2304,576,0,32,32,32,0,1,1,4294967295
tile_Rainbow,2272,576,0,32,32,32,0,1,1,4294967295
tile_Rainbow,2240,576,0,32,32,32,0,1,1,4294967295
tile_Rainbow,2208,576,0,32,32,32,0,1,1,4294967295
tile_Rainbow,2176,576,0,32,32,32,0,1,1,4294967295
tile_Rainbow,2144,576,0,32,32,32,0,1,1,4294967295
tile_Rainbow,2112,576,0,32,32,32,0,1,1,4294967295
tile_Rainbow,2080,576,0,32,32,32,0,1,1,4294967295
tile_Rainbow,1888,576,0,32,32,32,0,1,1,4294967295
tile_Rainbow,1856,576,0,32,32,32,0,1,1,4294967295
tile_Rainbow,1824,576,0,32,32,32,0,1,1,4294967295
tile_Rainbow,1792,576,0,32,32,32,0,1,1,4294967295
tile_Rainbow,1760,576,0,32,32,32,0,1,1,4294967295
tile_Rainbow,1728,576,0,32,32,32,0,1,1,4294967295
tile_Rainbow,1696,576,0,32,32,32,0,1,1,4294967295
tile_Rainbow,1664,576,0,32,32,32,0,1,1,4294967295
tile_Rainbow,1632,576,0,32,32,32,0,1,1,4294967295
tile_Rainbow,1600,576,0,32,32,32,0,1,1,4294967295
tile_Rainbow,1600,544,0,32,32,32,0,1,1,4294967295
tile_Rainbow,1600,512,0,32,32,32,0,1,1,4294967295
tile_Rainbow,1600,480,0,32,32,32,0,1,1,4294967295
tile_Rainbow,1600,448,0,32,32,32,0,1,1,4294967295
tile_Rainbow,1600,416,0,32,32,32,0,1,1,4294967295
tile_Rainbow,1600,384,0,32,32,32,0,1,1,4294967295
tile_Rainbow,1600,352,0,32,32,32,0,1,1,4294967295
tile_Rainbow,1600,320,0,32,32,32,0,1,1,4294967295
tile_Rainbow,1600,288,0,32,32,32,0,1,1,4294967295
tile_Rainbow,1600,256,0,32,32,32,0,1,1,4294967295
tile_Rainbow,1600,224,0,32,32,32,0,1,1,4294967295
tile_Rainbow,1600,192,0,32,32,32,0,1,1,4294967295
tile_Rainbow,1600,160,0,32,32,32,0,1,1,4294967295
tile_Rainbow,1600,128,0,32,32,32,0,1,1,4294967295
tile_Rainbow,1600,96,0,32,32,32,0,1,1,4294967295
tile_Rainbow,1600,64,0,32,32,32,0,1,1,4294967295
tile_Rainbow,1600,32,0,32,32,32,0,1,1,4294967295
tile_Rainbow,1600,0,0,32,32,32,0,1,1,4294967295
tile_Rainbow,1568,0,0,0,32,32,0,1,1,4294967295
tile_Rainbow,1568,32,0,0,32,32,0,1,1,4294967295
tile_Rainbow,1568,64,0,0,32,32,0,1,1,4294967295
tile_Rainbow,1568,96,0,0,32,32,0,1,1,4294967295
tile_Rainbow,1568,128,0,0,32,32,0,1,1,4294967295
tile_Rainbow,1568,160,0,0,32,32,0,1,1,4294967295
tile_Rainbow,1568,192,0,0,32,32,0,1,1,4294967295
tile_Rainbow,1568,224,0,0,32,32,0,1,1,4294967295
tile_Rainbow,1568,256,0,0,32,32,0,1,1,4294967295
tile_Rainbow,1568,288,0,0,32,32,0,1,1,4294967295
tile_Rainbow,1568,320,0,0,32,32,0,1,1,4294967295
tile_Rainbow,1568,352,0,0,32,32,0,1,1,4294967295
tile_Rainbow,1568,384,0,0,32,32,0,1,1,4294967295
tile_Rainbow,1568,416,0,0,32,32,0,1,1,4294967295
tile_Rainbow,1568,448,0,0,32,32,0,1,1,4294967295
tile_Rainbow,1568,480,0,0,32,32,0,1,1,4294967295
tile_Rainbow,1568,512,0,0,32,32,0,1,1,4294967295
tile_Rainbow,1568,544,0,0,32,32,0,1,1,4294967295
tile_Rainbow,1568,576,0,0,32,32,0,1,1,4294967295
tile_Rainbow,1536,576,0,0,32,32,0,1,1,4294967295
tile_Rainbow,1504,576,0,0,32,32,0,1,1,4294967295
tile_Rainbow,1472,576,0,0,32,32,0,1,1,4294967295
tile_Rainbow,1440,576,0,0,32,32,0,1,1,4294967295
tile_Rainbow,1408,576,0,0,32,32,0,1,1,4294967295
tile_Rainbow,1376,576,0,0,32,32,0,1,1,4294967295
tile_Rainbow,1344,576,0,0,32,32,0,1,1,4294967295
tile_Rainbow,1312,576,0,0,32,32,0,1,1,4294967295
tile_Rainbow,1280,576,0,0,32,32,0,1,1,4294967295
tile_Rainbow,1088,576,0,0,32,32,0,1,1,4294967295
tile_Rainbow,1056,576,0,0,32,32,0,1,1,4294967295
tile_Rainbow,1024,576,0,0,32,32,0,1,1,4294967295
tile_Rainbow,992,576,0,0,32,32,0,1,1,4294967295
tile_Rainbow,960,576,0,0,32,32,0,1,1,4294967295
tile_Rainbow,928,576,0,0,32,32,0,1,1,4294967295
tile_Rainbow,896,576,0,0,32,32,0,1,1,4294967295
tile_Rainbow,864,576,0,0,32,32,0,1,1,4294967295
tile_Rainbow,832,576,0,0,32,32,0,1,1,4294967295
tile_Rainbow,800,576,0,0,32,32,0,1,1,4294967295
tile_Rainbow,800,544,0,0,32,32,0,1,1,4294967295
tile_Rainbow,800,512,0,0,32,32,0,1,1,4294967295
tile_Rainbow,800,480,0,0,32,32,0,1,1,4294967295
tile_Rainbow,800,448,0,0,32,32,0,1,1,4294967295
tile_Rainbow,800,416,0,0,32,32,0,1,1,4294967295
tile_Rainbow,800,384,0,0,32,32,0,1,1,4294967295
tile_Rainbow,800,352,0,0,32,32,0,1,1,4294967295
tile_Rainbow,800,320,0,0,32,32,0,1,1,4294967295
tile_Rainbow,800,288,0,0,32,32,0,1,1,4294967295
tile_Rainbow,800,256,0,0,32,32,0,1,1,4294967295
tile_Rainbow,800,224,0,0,32,32,0,1,1,4294967295
tile_Rainbow,800,192,0,0,32,32,0,1,1,4294967295
tile_Rainbow,800,160,0,0,32,32,0,1,1,4294967295
tile_Rainbow,800,128,0,0,32,32,0,1,1,4294967295
tile_Rainbow,800,96,0,0,32,32,0,1,1,4294967295
tile_Rainbow,800,64,0,0,32,32,0,1,1,4294967295
tile_Rainbow,800,32,0,0,32,32,0,1,1,4294967295
tile_Rainbow,800,0,0,0,32,32,0,1,1,4294967295
tile_Rainbow,1536,0,0,0,32,32,0,1,1,4294967295
tile_Rainbow,1504,0,0,0,32,32,0,1,1,4294967295
tile_Rainbow,1472,0,0,0,32,32,0,1,1,4294967295
tile_Rainbow,1440,0,0,0,32,32,0,1,1,4294967295
tile_Rainbow,1408,0,0,0,32,32,0,1,1,4294967295
tile_Rainbow,1376,0,0,0,32,32,0,1,1,4294967295
tile_Rainbow,1344,0,0,0,32,32,0,1,1,4294967295
tile_Rainbow,1312,0,0,0,32,32,0,1,1,4294967295
tile_Rainbow,1280,0,0,0,32,32,0,1,1,4294967295
tile_Rainbow,1248,0,0,0,32,32,0,1,1,4294967295
tile_Rainbow,1216,0,0,0,32,32,0,1,1,4294967295
tile_Rainbow,1184,0,0,0,32,32,0,1,1,4294967295
tile_Rainbow,1152,0,0,0,32,32,0,1,1,4294967295
tile_Rainbow,1120,0,0,0,32,32,0,1,1,4294967295
tile_Rainbow,1088,0,0,0,32,32,0,1,1,4294967295
tile_Rainbow,1056,0,0,0,32,32,0,1,1,4294967295
tile_Rainbow,1024,0,0,0,32,32,0,1,1,4294967295
tile_Rainbow,992,0,0,0,32,32,0,1,1,4294967295
tile_Rainbow,960,0,0,0,32,32,0,1,1,4294967295
tile_Rainbow,928,0,0,0,32,32,0,1,1,4294967295
tile_Rainbow,896,0,0,0,32,32,0,1,1,4294967295
tile_Rainbow,864,0,0,0,32,32,0,1,1,4294967295
tile_Rainbow,832,0,0,0,32,32,0,1,1,4294967295
tile_Rainbow,2336,0,0,32,32,32,0,1,1,4294967295
tile_Rainbow,2304,0,0,32,32,32,0,1,1,4294967295
tile_Rainbow,2272,0,0,32,32,32,0,1,1,4294967295
tile_Rainbow,2240,0,0,32,32,32,0,1,1,4294967295
tile_Rainbow,2208,0,0,32,32,32,0,1,1,4294967295
tile_Rainbow,2176,0,0,32,32,32,0,1,1,4294967295
tile_Rainbow,2144,0,0,32,32,32,0,1,1,4294967295
tile_Rainbow,2112,0,0,32,32,32,0,1,1,4294967295
tile_Rainbow,2080,0,0,32,32,32,0,1,1,4294967295
tile_Rainbow,2048,0,0,32,32,32,0,1,1,4294967295
tile_Rainbow,2016,0,0,32,32,32,0,1,1,4294967295
tile_Rainbow,1984,0,0,32,32,32,0,1,1,4294967295
tile_Rainbow,1952,0,0,32,32,32,0,1,1,4294967295
tile_Rainbow,1920,0,0,32,32,32,0,1,1,4294967295
tile_Rainbow,1888,0,0,32,32,32,0,1,1,4294967295
tile_Rainbow,1856,0,0,32,32,32,0,1,1,4294967295
tile_Rainbow,1824,0,0,32,32,32,0,1,1,4294967295
tile_Rainbow,1792,0,0,32,32,32,0,1,1,4294967295
tile_Rainbow,1760,0,0,32,32,32,0,1,1,4294967295
tile_Rainbow,1728,0,0,32,32,32,0,1,1,4294967295
tile_Rainbow,1696,0,0,32,32,32,0,1,1,4294967295
tile_Rainbow,1664,0,0,32,32,32,0,1,1,4294967295
tile_Rainbow,1632,0,0,32,32,32,0,1,1,4294967295
tile_Rainbow,3136,0,96,32,32,32,0,1,1,4294967295
tile_Rainbow,3104,0,96,32,32,32,0,1,1,4294967295
tile_Rainbow,3072,0,96,32,32,32,0,1,1,4294967295
tile_Rainbow,3040,0,96,32,32,32,0,1,1,4294967295
tile_Rainbow,3008,0,96,32,32,32,0,1,1,4294967295
tile_Rainbow,2976,0,96,32,32,32,0,1,1,4294967295
tile_Rainbow,2944,0,96,32,32,32,0,1,1,4294967295
tile_Rainbow,2912,0,96,32,32,32,0,1,1,4294967295
tile_Rainbow,2880,0,96,32,32,32,0,1,1,4294967295
tile_Rainbow,2848,0,96,32,32,32,0,1,1,4294967295
tile_Rainbow,2816,0,96,32,32,32,0,1,1,4294967295
tile_Rainbow,2784,0,96,32,32,32,0,1,1,4294967295
tile_Rainbow,2752,0,96,32,32,32,0,1,1,4294967295
tile_Rainbow,2720,0,96,32,32,32,0,1,1,4294967295
tile_Rainbow,2688,0,96,32,32,32,0,1,1,4294967295
tile_Rainbow,2656,0,96,32,32,32,0,1,1,4294967295
tile_Rainbow,2624,0,96,32,32,32,0,1,1,4294967295
tile_Rainbow,2592,0,96,32,32,32,0,1,1,4294967295
tile_Rainbow,2560,0,96,32,32,32,0,1,1,4294967295
tile_Rainbow,2528,0,96,32,32,32,0,1,1,4294967295
tile_Rainbow,2496,0,96,32,32,32,0,1,1,4294967295
tile_Rainbow,2464,0,96,32,32,32,0,1,1,4294967295
tile_Rainbow,2432,0,96,32,32,32,0,1,1,4294967295
tile_Rainbow,3936,0,32,64,32,32,0,1,1,4294967295
tile_Rainbow,3904,0,32,64,32,32,0,1,1,4294967295
tile_Rainbow,3872,0,32,64,32,32,0,1,1,4294967295
tile_Rainbow,3840,0,32,64,32,32,0,1,1,4294967295
tile_Rainbow,3808,0,32,64,32,32,0,1,1,4294967295
tile_Rainbow,3776,0,32,64,32,32,0,1,1,4294967295
tile_Rainbow,3744,0,32,64,32,32,0,1,1,4294967295
tile_Rainbow,3712,0,32,64,32,32,0,1,1,4294967295
tile_Rainbow,3680,0,32,64,32,32,0,1,1,4294967295
tile_Rainbow,3648,0,32,64,32,32,0,1,1,4294967295
tile_Rainbow,3616,0,32,64,32,32,0,1,1,4294967295
tile_Rainbow,3584,0,32,64,32,32,0,1,1,4294967295
tile_Rainbow,3552,0,32,64,32,32,0,1,1,4294967295
tile_Rainbow,3520,0,32,64,32,32,0,1,1,4294967295
tile_Rainbow,3488,0,32,64,32,32,0,1,1,4294967295
tile_Rainbow,3456,0,32,64,32,32,0,1,1,4294967295
tile_Rainbow,3424,0,32,64,32,32,0,1,1,4294967295
tile_Rainbow,3392,0,32,64,32,32,0,1,1,4294967295
tile_Rainbow,3360,0,32,64,32,32,0,1,1,4294967295
tile_Rainbow,3328,0,32,64,32,32,0,1,1,4294967295
tile_Rainbow,3296,0,32,64,32,32,0,1,1,4294967295
tile_Rainbow,3264,0,32,64,32,32,0,1,1,4294967295
tile_Rainbow,3232,0,32,64,32,32,0,1,1,4294967295
tile_Rainbow,4736,0,64,64,32,32,0,1,1,4294967295
tile_Rainbow,4704,0,64,64,32,32,0,1,1,4294967295
tile_Rainbow,4672,0,64,64,32,32,0,1,1,4294967295
tile_Rainbow,4640,0,64,64,32,32,0,1,1,4294967295
tile_Rainbow,4608,0,64,64,32,32,0,1,1,4294967295
tile_Rainbow,4576,0,64,64,32,32,0,1,1,4294967295
tile_Rainbow,4544,0,64,64,32,32,0,1,1,4294967295
tile_Rainbow,4512,0,64,64,32,32,0,1,1,4294967295
tile_Rainbow,4480,0,64,64,32,32,0,1,1,4294967295
tile_Rainbow,4448,0,64,64,32,32,0,1,1,4294967295
tile_Rainbow,4416,0,64,64,32,32,0,1,1,4294967295
tile_Rainbow,4384,0,64,64,32,32,0,1,1,4294967295
tile_Rainbow,4352,0,64,64,32,32,0,1,1,4294967295
tile_Rainbow,4320,0,64,64,32,32,0,1,1,4294967295
tile_Rainbow,4288,0,64,64,32,32,0,1,1,4294967295
tile_Rainbow,4256,0,64,64,32,32,0,1,1,4294967295
tile_Rainbow,4224,0,64,64,32,32,0,1,1,4294967295
tile_Rainbow,4192,0,64,64,32,32,0,1,1,4294967295
tile_Rainbow,4160,0,64,64,32,32,0,1,1,4294967295
tile_Rainbow,4128,0,64,64,32,32,0,1,1,4294967295
tile_Rainbow,4096,0,64,64,32,32,0,1,1,4294967295
tile_Rainbow,4064,0,64,64,32,32,0,1,1,4294967295
tile_Rainbow,4032,0,64,64,32,32,0,1,1,4294967295
tile_Rainbow,5536,0,96,64,32,32,0,1,1,4294967295
tile_Rainbow,5504,0,96,64,32,32,0,1,1,4294967295
tile_Rainbow,5472,0,96,64,32,32,0,1,1,4294967295
tile_Rainbow,5440,0,96,64,32,32,0,1,1,4294967295
tile_Rainbow,5408,0,96,64,32,32,0,1,1,4294967295
tile_Rainbow,5376,0,96,64,32,32,0,1,1,4294967295
tile_Rainbow,5344,0,96,64,32,32,0,1,1,4294967295
tile_Rainbow,5312,0,96,64,32,32,0,1,1,4294967295
tile_Rainbow,5280,0,96,64,32,32,0,1,1,4294967295
tile_Rainbow,5248,0,96,64,32,32,0,1,1,4294967295
tile_Rainbow,5216,0,96,64,32,32,0,1,1,4294967295
tile_Rainbow,5184,0,96,64,32,32,0,1,1,4294967295
tile_Rainbow,5152,0,96,64,32,32,0,1,1,4294967295
tile_Rainbow,5120,0,96,64,32,32,0,1,1,4294967295
tile_Rainbow,5088,0,96,64,32,32,0,1,1,4294967295
tile_Rainbow,5056,0,96,64,32,32,0,1,1,4294967295
tile_Rainbow,5024,0,96,64,32,32,0,1,1,4294967295
tile_Rainbow,4992,0,96,64,32,32,0,1,1,4294967295
tile_Rainbow,4960,0,96,64,32,32,0,1,1,4294967295
tile_Rainbow,4928,0,96,64,32,32,0,1,1,4294967295
tile_Rainbow,4896,0,96,64,32,32,0,1,1,4294967295
tile_Rainbow,4864,0,96,64,32,32,0,1,1,4294967295
tile_Rainbow,4832,0,96,64,32,32,0,1,1,4294967295
tile_Rainbow,6336,0,32,0,32,32,0,1,1,4294967295
tile_Rainbow,6304,0,32,0,32,32,0,1,1,4294967295
tile_Rainbow,6272,0,32,0,32,32,0,1,1,4294967295
tile_Rainbow,6240,0,32,0,32,32,0,1,1,4294967295
tile_Rainbow,6208,0,32,0,32,32,0,1,1,4294967295
tile_Rainbow,6176,0,32,0,32,32,0,1,1,4294967295
tile_Rainbow,6144,0,32,0,32,32,0,1,1,4294967295
tile_Rainbow,6112,0,32,0,32,32,0,1,1,4294967295
tile_Rainbow,6080,0,32,0,32,32,0,1,1,4294967295
tile_Rainbow,6048,0,32,0,32,32,0,1,1,4294967295
tile_Rainbow,6016,0,32,0,32,32,0,1,1,4294967295
tile_Rainbow,5984,0,32,0,32,32,0,1,1,4294967295
tile_Rainbow,5952,0,32,0,32,32,0,1,1,4294967295
tile_Rainbow,5920,0,32,0,32,32,0,1,1,4294967295
tile_Rainbow,5888,0,32,0,32,32,0,1,1,4294967295
tile_Rainbow,5856,0,32,0,32,32,0,1,1,4294967295
tile_Rainbow,5824,0,32,0,32,32,0,1,1,4294967295
tile_Rainbow,5792,0,32,0,32,32,0,1,1,4294967295
tile_Rainbow,5760,0,32,0,32,32,0,1,1,4294967295
tile_Rainbow,5728,0,32,0,32,32,0,1,1,4294967295
tile_Rainbow,5696,0,32,0,32,32,0,1,1,4294967295
tile_Rainbow,5664,0,32,0,32,32,0,1,1,4294967295
tile_Rainbow,5632,0,32,0,32,32,0,1,1,4294967295
tile_Rainbow,7136,0,64,0,32,32,0,1,1,4294967295
tile_Rainbow,7104,0,64,0,32,32,0,1,1,4294967295
tile_Rainbow,7072,0,64,0,32,32,0,1,1,4294967295
tile_Rainbow,7040,0,64,0,32,32,0,1,1,4294967295
tile_Rainbow,7008,0,64,0,32,32,0,1,1,4294967295
tile_Rainbow,6976,0,64,0,32,32,0,1,1,4294967295
tile_Rainbow,6944,0,64,0,32,32,0,1,1,4294967295
tile_Rainbow,6912,0,64,0,32,32,0,1,1,4294967295
tile_Rainbow,6880,0,64,0,32,32,0,1,1,4294967295
tile_Rainbow,6848,0,64,0,32,32,0,1,1,4294967295
tile_Rainbow,6816,0,64,0,32,32,0,1,1,4294967295
tile_Rainbow,6784,0,64,0,32,32,0,1,1,4294967295
tile_Rainbow,6752,0,64,0,32,32,0,1,1,4294967295
tile_Rainbow,6720,0,64,0,32,32,0,1,1,4294967295
tile_Rainbow,6688,0,64,0,32,32,0,1,1,4294967295
tile_Rainbow,6656,0,64,0,32,32,0,1,1,4294967295
tile_Rainbow,6624,0,64,0,32,32,0,1,1,4294967295
tile_Rainbow,6592,0,64,0,32,32,0,1,1,4294967295
tile_Rainbow,6560,0,64,0,32,32,0,1,1,4294967295
tile_Rainbow,6528,0,64,0,32,32,0,1,1,4294967295
tile_Rainbow,6496,0,64,0,32,32,0,1,1,4294967295
tile_Rainbow,6464,0,64,0,32,32,0,1,1,4294967295
tile_Rainbow,6432,0,64,0,32,32,0,1,1,4294967295
tile_Rainbow,7936,0,32,96,32,32,0,1,1,4294967295
tile_Rainbow,7904,0,32,96,32,32,0,1,1,4294967295
tile_Rainbow,7872,0,32,96,32,32,0,1,1,4294967295
tile_Rainbow,7840,0,32,96,32,32,0,1,1,4294967295
tile_Rainbow,7808,0,32,96,32,32,0,1,1,4294967295
tile_Rainbow,7776,0,32,96,32,32,0,1,1,4294967295
tile_Rainbow,7744,0,32,96,32,32,0,1,1,4294967295
tile_Rainbow,7712,0,32,96,32,32,0,1,1,4294967295
tile_Rainbow,7680,0,32,96,32,32,0,1,1,4294967295
tile_Rainbow,7648,0,32,96,32,32,0,1,1,4294967295
tile_Rainbow,7616,0,32,96,32,32,0,1,1,4294967295
tile_Rainbow,7584,0,32,96,32,32,0,1,1,4294967295
tile_Rainbow,7552,0,32,96,32,32,0,1,1,4294967295
tile_Rainbow,7520,0,32,96,32,32,0,1,1,4294967295
tile_Rainbow,7488,0,32,96,32,32,0,1,1,4294967295
tile_Rainbow,7456,0,32,96,32,32,0,1,1,4294967295
tile_Rainbow,7424,0,32,96,32,32,0,1,1,4294967295
tile_Rainbow,7392,0,32,96,32,32,0,1,1,4294967295
tile_Rainbow,7360,0,32,96,32,32,0,1,1,4294967295
tile_Rainbow,7328,0,32,96,32,32,0,1,1,4294967295
tile_Rainbow,7296,0,32,96,32,32,0,1,1,4294967295
tile_Rainbow,7264,0,32,96,32,32,0,1,1,4294967295
tile_Rainbow,7232,0,32,96,32,32,0,1,1,4294967295
tile_IWBTG,1088,320,448,96,32,32,0,1,1,4294967295
tile_IWBTG,1184,256,448,64,32,32,0,1,2,4294967295
tile_IWBTG,1088,288,448,64,32,32,0,1,1,4294967295
tile_IWBTG,1152,256,416,64,32,32,0,1,2,4294967295
tile_IWBTG,1056,288,416,64,32,32,0,1,1,4294967295
tile_IWBTG,1184,320,448,96,32,32,0,1,1,4294967295
tile_IWBTG,1152,320,416,96,32,32,0,1,1,4294967295
tile_IWBTG,1056,320,416,96,32,32,0,1,1,4294967295
tile_IWBTG,1408,320,64,32,32,32,0,1,1,4294967295
tile_IWBTG,1120,320,64,32,32,32,0,1,1,4294967295
tile_IWBTG,1216,320,64,32,32,32,0,1,1,4294967295
tile_IWBTG,960,320,64,32,32,32,0,1,1,4294967295
tile_IWBTG,992,320,64,32,32,32,0,1,1,4294967295
tile_IWBTG,1024,320,64,32,32,32,0,1,1,4294967295
tile_Rainbow,2016,224,0,32,32,32,0,1,1,4294967295
tile_Rainbow,1696,224,0,32,32,32,0,1,1,4294967295
tile_Rainbow,1696,192,0,32,32,32,0,1,1,4294967295
tile_Rainbow,1696,160,0,32,32,32,0,1,1,4294967295
tile_Rainbow,1696,128,0,32,32,32,0,1,1,4294967295
tile_Rainbow,1696,96,0,32,32,32,0,1,1,4294967295
tile_Rainbow,2336,320,0,32,32,32,0,1,1,4294967295
tile_Rainbow,2304,320,0,32,32,32,0,1,1,4294967295
tile_Rainbow,2272,320,0,32,32,32,0,1,1,4294967295
tile_Rainbow,2240,320,0,32,32,32,0,1,1,4294967295
tile_Rainbow,2208,320,0,32,32,32,0,1,1,4294967295
tile_Rainbow,2176,320,0,32,32,32,0,1,1,4294967295
tile_Rainbow,2144,416,0,32,32,32,0,1,1,4294967295
tile_Rainbow,2144,384,0,32,32,32,0,1,1,4294967295
tile_Rainbow,2144,352,0,32,32,32,0,1,1,4294967295
tile_Rainbow,2144,320,0,32,32,32,0,1,1,4294967295
tile_Rainbow,2240,448,0,32,32,32,0,1,1,4294967295
tile_Rainbow,2240,416,0,32,32,32,0,1,1,4294967295
tile_Rainbow,2240,384,0,32,32,32,0,1,1,4294967295
tile_Rainbow,2272,480,0,32,32,32,0,1,1,4294967295
tile_Rainbow,2240,480,0,32,32,32,0,1,1,4294967295
tile_Rainbow,2208,480,0,32,32,32,0,1,1,4294967295
tile_Rainbow,2176,480,0,32,32,32,0,1,1,4294967295
tile_Rainbow,2144,480,0,32,32,32,0,1,1,4294967295
tile_Rainbow,2144,512,0,32,32,32,0,1,1,4294967295
tile_Rainbow,1824,416,0,32,32,32,0,1,1,4294967295
tile_Rainbow,1824,384,0,32,32,32,0,1,1,4294967295
tile_Rainbow,1824,352,0,32,32,32,0,1,1,4294967295
tile_Rainbow,1824,320,0,32,32,32,0,1,1,4294967295
tile_Rainbow,1792,320,0,32,32,32,0,1,1,4294967295
tile_Rainbow,1760,320,0,32,32,32,0,1,1,4294967295
tile_Rainbow,1728,320,0,32,32,32,0,1,1,4294967295
tile_Rainbow,1696,320,0,32,32,32,0,1,1,4294967295
tile_Rainbow,1664,320,0,32,32,32,0,1,1,4294967295
tile_Rainbow,1632,320,0,32,32,32,0,1,1,4294967295
tile_Rainbow,1728,448,0,32,32,32,0,1,1,4294967295
tile_Rainbow,1728,416,0,32,32,32,0,1,1,4294967295
tile_Rainbow,1728,384,0,32,32,32,0,1,1,4294967295
tile_Rainbow,1824,512,0,32,32,32,0,1,1,4294967295
tile_Rainbow,1824,480,0,32,32,32,0,1,1,4294967295
tile_Rainbow,1792,480,0,32,32,32,0,1,1,4294967295
tile_Rainbow,1760,480,0,32,32,32,0,1,1,4294967295
tile_Rainbow,1728,480,0,32,32,32,0,1,1,4294967295
tile_Rainbow,1696,480,0,32,32,32,0,1,1,4294967295
tile_Rainbow,4032,544,64,64,32,32,0,1,1,4294967295
tile_Rainbow,4032,384,64,64,32,32,0,1,1,4294967295
tile_Rainbow,4160,448,64,64,32,32,0,1,1,4294967295
tile_Rainbow,4128,448,64,64,32,32,0,1,1,4294967295
tile_Rainbow,4192,480,64,64,32,32,0,1,1,4294967295
tile_Rainbow,4160,480,64,64,32,32,0,1,1,4294967295
tile_Rainbow,4128,480,64,64,32,32,0,1,1,4294967295
tile_Rainbow,4096,480,64,64,32,32,0,1,1,4294967295
tile_Rainbow,4224,512,64,64,32,32,0,1,1,4294967295
tile_Rainbow,4224,480,64,64,32,32,0,1,1,4294967295
tile_Rainbow,4224,448,64,64,32,32,0,1,1,4294967295
tile_Rainbow,4224,416,64,64,32,32,0,1,1,4294967295
tile_Rainbow,4224,384,64,64,32,32,0,1,1,4294967295
tile_Rainbow,4224,352,64,64,32,32,0,1,1,4294967295
tile_Rainbow,4224,320,64,64,32,32,0,1,1,4294967295
tile_Rainbow,4224,256,64,64,32,32,0,1,1,4294967295
tile_Rainbow,4224,224,64,64,32,32,0,1,1,4294967295
tile_Rainbow,4224,192,64,64,32,32,0,1,1,4294967295
tile_Rainbow,4224,160,64,64,32,32,0,1,1,4294967295
tile_Rainbow,4224,128,64,64,32,32,0,1,1,4294967295
tile_Rainbow,4160,256,64,64,32,32,0,1,1,4294967295
tile_Rainbow,4128,256,64,64,32,32,0,1,1,4294967295
tile_Rainbow,4224,288,64,64,32,32,0,1,1,4294967295
tile_Rainbow,4192,288,64,64,32,32,0,1,1,4294967295
tile_Rainbow,4160,288,64,64,32,32,0,1,1,4294967295
tile_Rainbow,4128,288,64,64,32,32,0,1,1,4294967295
tile_Rainbow,4096,288,64,64,32,32,0,1,1,4294967295
tile_Rainbow,4160,128,64,64,32,32,0,1,1,4294967295
tile_Rainbow,4128,128,64,64,32,32,0,1,1,4294967295
tile_Rainbow,4224,96,64,64,32,32,0,1,1,4294967295
tile_Rainbow,4192,96,64,64,32,32,0,1,1,4294967295
tile_Rainbow,4160,96,64,64,32,32,0,1,1,4294967295
tile_Rainbow,4128,96,64,64,32,32,0,1,1,4294967295
tile_Rainbow,4096,96,64,64,32,32,0,1,1,4294967295
tile_Rainbow,3456,416,32,64,32,32,0,1,1,4294967295
tile_Rainbow,3424,416,32,64,32,32,0,1,1,4294967295
tile_Rainbow,3392,416,32,64,32,32,0,1,1,4294967295
tile_Rainbow,3360,416,32,64,32,32,0,1,1,4294967295
tile_Rainbow,3328,416,32,64,32,32,0,1,1,4294967295
tile_Rainbow,3296,416,32,64,32,32,0,1,1,4294967295
tile_Rainbow,3264,416,32,64,32,32,0,1,1,4294967295
tile_Rainbow,4672,480,64,64,32,32,0,1,1,4294967295
tile_Rainbow,4640,480,64,64,32,32,0,1,1,4294967295
tile_Rainbow,4608,480,64,64,32,32,0,1,1,4294967295
tile_Rainbow,4576,480,64,64,32,32,0,1,1,4294967295
tile_Rainbow,4704,480,64,64,32,32,0,1,1,4294967295
tile_Rainbow,4704,448,64,64,32,32,0,1,1,4294967295
tile_Rainbow,4704,416,64,64,32,32,0,1,1,4294967295
tile_Rainbow,4704,384,64,64,32,32,0,1,1,4294967295
tile_Rainbow,4704,352,64,64,32,32,0,1,1,4294967295
tile_Rainbow,4736,224,64,64,32,32,0,1,1,4294967295
tile_Rainbow,4704,224,64,64,32,32,0,1,1,4294967295
tile_Rainbow,4672,224,64,64,32,32,0,1,1,4294967295
tile_Rainbow,4640,224,64,64,32,32,0,1,1,4294967295
tile_Rainbow,4608,224,64,64,32,32,0,1,1,4294967295
tile_Rainbow,4576,224,64,64,32,32,0,1,1,4294967295
tile_Rainbow,4672,352,64,64,32,32,0,1,1,4294967295
tile_Rainbow,4640,352,64,64,32,32,0,1,1,4294967295
tile_Rainbow,4608,352,64,64,32,32,0,1,1,4294967295
tile_Rainbow,4576,352,64,64,32,32,0,1,1,4294967295
tile_Rainbow,4544,352,64,64,32,32,0,1,1,4294967295
tile_Rainbow,4512,352,64,64,32,32,0,1,1,4294967295
tile_Rainbow,4512,320,64,64,32,32,0,1,1,4294967295
tile_Rainbow,4512,288,64,64,32,32,0,1,1,4294967295
tile_Rainbow,4512,256,64,64,32,32,0,1,1,4294967295
tile_Rainbow,4512,224,64,64,32,32,0,1,1,4294967295
tile_Rainbow,4512,192,64,64,32,32,0,1,1,4294967295
tile_Rainbow,4512,160,64,64,32,32,0,1,1,4294967295
tile_Rainbow,4512,128,64,64,32,32,0,1,1,4294967295
tile_Rainbow,4704,96,64,64,32,32,0,1,1,4294967295
tile_Rainbow,4672,96,64,64,32,32,0,1,1,4294967295
tile_Rainbow,4640,96,64,64,32,32,0,1,1,4294967295
tile_Rainbow,4608,96,64,64,32,32,0,1,1,4294967295
tile_Rainbow,4576,96,64,64,32,32,0,1,1,4294967295
tile_Rainbow,4544,96,64,64,32,32,0,1,1,4294967295
tile_Rainbow,4512,96,64,64,32,32,0,1,1,4294967295
tile_Rainbow,6176,144,32,0,32,32,0,1,1,4294967295
tile_Rainbow,6144,144,32,0,32,32,0,1,1,4294967295
tile_Rainbow,6112,144,32,0,32,32,0,1,1,4294967295
tile_Rainbow,6048,320,32,0,32,32,0,1,1,4294967295
tile_Rainbow,6016,320,32,0,32,32,0,1,1,4294967295
tile_Rainbow,5984,320,32,0,32,32,0,1,1,4294967295
tile_Rainbow,5952,320,32,0,32,32,0,1,1,4294967295
tile_Rainbow,5920,320,32,0,32,32,0,1,1,4294967295
tile_Rainbow,5888,320,32,0,32,32,0,1,1,4294967295
tile_Rainbow,5664,448,32,0,32,32,0,1,1,4294967295
tile_Rainbow,5792,320,32,0,32,32,0,1,1,4294967295
tile_Rainbow,5760,320,32,0,32,32,0,1,1,4294967295
tile_Rainbow,5728,320,32,0,32,32,0,1,1,4294967295
tile_Rainbow,5696,320,32,0,32,32,0,1,1,4294967295
tile_Rainbow,5664,320,32,0,32,32,0,1,1,4294967295
tile_Rainbow,5632,320,32,0,32,32,0,1,1,4294967295
tile_Rainbow,5696,448,32,0,32,32,0,1,1,4294967295
tile_Rainbow,5728,448,32,0,32,32,0,1,1,4294967295
tile_Rainbow,5760,448,32,0,32,32,0,1,1,4294967295
tile_Rainbow,5792,448,32,0,32,32,0,1,1,4294967295
tile_Rainbow,5824,448,32,0,32,32,0,1,1,4294967295
tile_Rainbow,5856,448,32,0,32,32,0,1,1,4294967295
tile_Rainbow,5856,416,32,0,32,32,0,1,1,4294967295
tile_Rainbow,5856,384,32,0,32,32,0,1,1,4294967295
tile_Rainbow,5856,352,32,0,32,32,0,1,1,4294967295
tile_Rainbow,5856,320,32,0,32,32,0,1,1,4294967295
tile_Rainbow,5856,288,32,0,32,32,0,1,1,4294967295
tile_Rainbow,5856,256,32,0,32,32,0,1,1,4294967295
tile_Rainbow,5856,224,32,0,32,32,0,1,1,4294967295
tile_Rainbow,5856,192,32,0,32,32,0,1,1,4294967295
tile_Rainbow,5824,192,32,0,32,32,0,1,1,4294967295
tile_Rainbow,5792,192,32,0,32,32,0,1,1,4294967295
tile_Rainbow,5760,192,32,0,32,32,0,1,1,4294967295
tile_Rainbow,5728,192,32,0,32,32,0,1,1,4294967295
tile_Rainbow,5696,192,32,0,32,32,0,1,1,4294967295
tile_Rainbow,5664,192,32,0,32,32,0,1,1,4294967295
tile_Rainbow,5536,256,96,64,32,32,0,1,1,4294967295
tile_Rainbow,5504,256,96,64,32,32,0,1,1,4294967295
tile_Rainbow,5472,256,96,64,32,32,0,1,1,4294967295
tile_Rainbow,5440,256,96,64,32,32,0,1,1,4294967295
tile_Rainbow,5408,256,96,64,32,32,0,1,1,4294967295
tile_Rainbow,5376,256,96,64,32,32,0,1,1,4294967295
tile_Rainbow,5344,256,96,64,32,32,0,1,1,4294967295
tile_Rainbow,5344,512,96,64,32,32,0,1,1,4294967295
tile_Rainbow,5376,512,96,64,32,32,0,1,1,4294967295
tile_Rainbow,5408,512,96,64,32,32,0,1,1,4294967295
tile_Rainbow,5440,512,96,64,32,32,0,1,1,4294967295
tile_Rainbow,5472,512,96,64,32,32,0,1,1,4294967295
tile_Rainbow,5504,512,96,64,32,32,0,1,1,4294967295
tile_Rainbow,5504,480,96,64,32,32,0,1,1,4294967295
tile_Rainbow,5504,448,96,64,32,32,0,1,1,4294967295
tile_Rainbow,5504,416,96,64,32,32,0,1,1,4294967295
tile_Rainbow,5504,384,96,64,32,32,0,1,1,4294967295
tile_Rainbow,5504,352,96,64,32,32,0,1,1,4294967295
tile_Rainbow,5472,352,96,64,32,32,0,1,1,4294967295
tile_Rainbow,5440,352,96,64,32,32,0,1,1,4294967295
tile_Rainbow,5408,352,96,64,32,32,0,1,1,4294967295
tile_Rainbow,5376,352,96,64,32,32,0,1,1,4294967295
tile_Rainbow,5344,352,96,64,32,32,0,1,1,4294967295
tile_Rainbow,5312,352,96,64,32,32,0,1,1,4294967295
tile_Rainbow,5280,352,96,64,32,32,0,1,1,4294967295
tile_Rainbow,5280,320,96,64,32,32,0,1,1,4294967295
tile_Rainbow,5280,288,96,64,32,32,0,1,1,4294967295
tile_Rainbow,5280,256,96,64,32,32,0,1,1,4294967295
tile_Rainbow,5280,224,96,64,32,32,0,1,1,4294967295
tile_Rainbow,5280,192,96,64,32,32,0,1,1,4294967295
tile_Rainbow,5280,160,96,64,32,32,0,1,1,4294967295
tile_Rainbow,5504,128,96,64,32,32,0,1,1,4294967295
tile_Rainbow,5472,128,96,64,32,32,0,1,1,4294967295
tile_Rainbow,5440,128,96,64,32,32,0,1,1,4294967295
tile_Rainbow,5408,128,96,64,32,32,0,1,1,4294967295
tile_Rainbow,5376,128,96,64,32,32,0,1,1,4294967295
tile_Rainbow,5344,128,96,64,32,32,0,1,1,4294967295
tile_Rainbow,5312,128,96,64,32,32,0,1,1,4294967295
tile_Rainbow,5280,128,96,64,32,32,0,1,1,4294967295
tile_Rainbow,5024,480,96,64,32,32,0,1,1,4294967295
tile_Rainbow,5024,448,96,64,32,32,0,1,1,4294967295
tile_Rainbow,5024,416,96,64,32,32,0,1,1,4294967295
tile_Rainbow,5024,384,96,64,32,32,0,1,1,4294967295
tile_Rainbow,5024,352,96,64,32,32,0,1,1,4294967295
tile_Rainbow,5024,320,96,64,32,32,0,1,1,4294967295
tile_Rainbow,5024,288,96,64,32,32,0,1,1,4294967295
tile_Rainbow,5024,256,96,64,32,32,0,1,1,4294967295
tile_Rainbow,4992,256,96,64,32,32,0,1,1,4294967295
tile_Rainbow,4960,256,96,64,32,32,0,1,1,4294967295
tile_Rainbow,4928,256,96,64,32,32,0,1,1,4294967295
tile_Rainbow,4896,256,96,64,32,32,0,1,1,4294967295
tile_Rainbow,4928,288,96,64,32,32,0,1,1,4294967295
tile_Rainbow,4896,288,96,64,32,32,0,1,1,4294967295
tile_Rainbow,5024,512,96,64,32,32,0,1,1,4294967295
tile_Rainbow,4992,512,96,64,32,32,0,1,1,4294967295
tile_Rainbow,4960,512,96,64,32,32,0,1,1,4294967295
tile_Rainbow,4928,512,96,64,32,32,0,1,1,4294967295
tile_Rainbow,4896,512,96,64,32,32,0,1,1,4294967295
tile_Rainbow,4928,480,96,64,32,32,0,1,1,4294967295
tile_Rainbow,4928,448,96,64,32,32,0,1,1,4294967295
tile_Rainbow,4928,384,96,64,32,32,0,1,1,4294967295
tile_Rainbow,4928,352,96,64,32,32,0,1,1,4294967295
tile_Rainbow,4896,352,96,64,32,32,0,1,1,4294967295
tile_Rainbow,4896,384,96,64,32,32,0,1,1,4294967295
tile_Rainbow,4864,384,96,64,32,32,0,1,1,4294967295
tile_Rainbow,4864,352,96,64,32,32,0,1,1,4294967295
tile_Rainbow,4928,416,96,64,32,32,0,1,1,4294967295
tile_Rainbow,4896,416,96,64,32,32,0,1,1,4294967295
tile_Rainbow,4864,416,96,64,32,32,0,1,1,4294967295
tile_Rainbow,4832,416,96,64,32,32,0,1,1,4294967295
tile_Rainbow,4832,384,96,64,32,32,0,1,1,4294967295
tile_Rainbow,4832,352,96,64,32,32,0,1,1,4294967295
tile_corner,7872,96,32,0,32,32,0,1,1,4294967295
tile_corner,7776,96,32,0,32,32,0,1,1,4294967295
tile_corner,7712,224,32,0,32,32,0,1,1,4294967295
tile_Rainbow,7648,224,32,96,32,32,0,1,1,4294967295
tile_Rainbow,7616,224,32,96,32,32,0,1,1,4294967295
tile_Rainbow,7584,224,32,96,32,32,0,1,1,4294967295
tile_Rainbow,7552,224,32,96,32,32,0,1,1,4294967295
tile_Rainbow,7424,448,32,96,32,32,0,1,1,4294967295
tile_Rainbow,7424,416,32,96,32,32,0,1,1,4294967295
tile_Rainbow,7424,384,32,96,32,32,0,1,1,4294967295
tile_Rainbow,7424,352,32,96,32,32,0,1,1,4294967295
tile_Rainbow,7424,320,32,96,32,32,0,1,1,4294967295
tile_Rainbow,7424,288,32,96,32,32,0,1,1,4294967295
tile_Rainbow,7424,256,32,96,32,32,0,1,1,4294967295
tile_Rainbow,7424,224,32,96,32,32,0,1,1,4294967295
tile_Rainbow,7424,192,32,96,32,32,0,1,1,4294967295
tile_Rainbow,7424,160,32,96,32,32,0,1,1,4294967295
tile_Rainbow,7424,128,32,96,32,32,0,1,1,4294967295
tile_Rainbow,2464,352,96,32,32,32,0,1,1,4294967295
tile_IWBTG,2528,416,96,64,32,32,0,1,1,4294967295
bgGameMakerBlock,6752,452,0,0,32,32,0,1,1,4294967295
bgGameMakerBlock,6784,452,0,0,32,32,0,1,1,4294967295
bgGameMakerBlock,6816,452,0,0,32,32,0,1,1,4294967295
tile_Rainbow,7264,96,32,96,32,32,0,1,1,4294967295
tile_Rainbow,7296,96,32,96,32,32,0,1,1,4294967295
tile_Rainbow,7328,96,32,96,32,32,0,1,1,4294967295
tile_Rainbow,7360,96,32,96,32,32,0,1,1,4294967295
tile_Rainbow,7392,96,32,96,32,32,0,1,1,4294967295
tile_Rainbow,7424,96,32,96,32,32,0,1,1,4294967295
