Moon,688,0,DC3FC83B,0,2,2,4294967295,0,1
SpikeTrapD,288,192,377B2E3E,0,1,1,4294967295,0,1
SpikeTrapU,2464,416,F976BC51,0,1,1,4294967295,0,1
SpikeTrapD,32,64,5C418FFA,0,1,1,4294967295,0,1
SpikeTrapD,64,64,9DD22C91,0,1,1,4294967295,0,1
SpikeTrapD,96,64,4C266AD2,0,1,1,4294967295,0,1
Block,0,0,7AB5AB03,0,1,19,4294967295,0,0
Block,32,576,ED7E4149,0,14,1,4294967295,0,0
Block,320,512,A8690F43,0,2,1,4294967295,0,0
Block,416,512,26D967C2,0,2,1,4294967295,0,0
Block,320,544,5E8FECB0,0,1,1,4294967295,0,0
Block,448,544,4CAC3B8C,0,1,1,4294967295,0,0
Block,768,32,CCF09360,0,2,18,4294967295,0,0
Block,832,576,22480E2D,0,23,1,4294967295,0,0
Block,1568,32,EEE2A916,0,2,18,4294967295,0,0
Block,1632,576,047F15F6,0,23,1,4294967295,0,0
Block,2368,32,0891C774,0,2,18,4294967295,0,0
Block,2432,576,AC461F42,0,23,1,4294967295,0,0
Block,3168,32,0528BE25,0,2,18,4294967295,0,0
Block,3232,576,935B2417,0,23,1,4294967295,0,0
Block,3968,32,DE83FF40,0,2,18,4294967295,0,0
Block,4032,576,1640D009,0,23,1,4294967295,0,0
Block,4768,32,D6B73A37,0,2,18,4294967295,0,0
Block,4832,576,0A9528D3,0,23,1,4294967295,0,0
Block,5568,32,FDA2B3F5,0,2,18,4294967295,0,0
Block,5632,576,641C224E,0,23,1,4294967295,0,0
Block,6368,32,14AA1A21,0,2,18,4294967295,0,0
Block,6432,576,34D66B58,0,23,1,4294967295,0,0
Block,7168,32,C989F268,0,2,18,4294967295,0,0
Block,7520,576,E4A10CB9,0,15,1,4294967295,0,0
Block,7968,32,3FB1B740,0,1,18,4294967295,0,0
Block,1120,512,470A18A0,0,2,1,4294967295,0,0
Block,1216,512,8D8929B2,0,2,1,4294967295,0,0
Block,1120,544,1B478A51,0,1,1,4294967295,0,0
Block,1248,544,BD682C30,0,1,1,4294967295,0,0
Block,1920,512,C1056271,0,2,1,4294967295,0,0
Block,2016,512,F5704292,0,2,1,4294967295,0,0
Block,1920,544,53D6A7BA,0,1,1,4294967295,0,0
Block,2048,544,F1762372,0,1,1,4294967295,0,0
Block,2720,512,06DC1A0E,0,2,1,4294967295,0,0
Block,2816,512,9A558C7F,0,2,1,4294967295,0,0
Block,2720,544,BA98407B,0,1,1,4294967295,0,0
Block,2848,544,8F747551,0,1,1,4294967295,0,0
Block,3520,512,FD27E2A7,0,2,1,4294967295,0,0
Block,3616,512,A8F7DD77,0,2,1,4294967295,0,0
Block,3520,544,BCA85173,0,1,1,4294967295,0,0
Block,3648,544,92F957E2,0,1,1,4294967295,0,0
Block,4320,512,68420EC1,0,2,1,4294967295,0,0
Block,4416,512,209CDE7C,0,2,1,4294967295,0,0
Block,4320,544,852607F6,0,1,1,4294967295,0,0
Block,4448,544,740ADBD8,0,1,1,4294967295,0,0
Block,5120,512,72E0B822,0,2,1,4294967295,0,0
Block,5216,512,65BD8D98,0,2,1,4294967295,0,0
Block,5120,544,7982147E,0,1,1,4294967295,0,0
Block,5248,544,B3F3270D,0,1,1,4294967295,0,0
Block,5920,512,75D47B95,0,2,1,4294967295,0,0
Block,6016,512,F2271A26,0,2,1,4294967295,0,0
Block,5920,544,5B625DB5,0,1,1,4294967295,0,0
Block,6048,544,2271E5AD,0,1,1,4294967295,0,0
Block,6720,512,0338296B,0,2,1,4294967295,0,0
Block,6816,512,73DD1AC5,0,2,1,4294967295,0,0
Block,6720,544,F6D2FDBD,0,1,1,4294967295,0,0
Block,6848,544,D537D419,0,1,1,4294967295,0,0
Block,7520,512,F069D5F5,0,2,1,4294967295,0,0
Block,7616,512,09241749,0,2,1,4294967295,0,0
Block,7520,544,86DD30C9,0,1,1,4294967295,0,0
Block,7648,544,276CF507,0,1,1,4294967295,0,0
Block,512,288,209D9D50,0,1,2,4294967295,0,0
Block,128,288,28BFB570,0,1,6,4294967295,0,0
Block,160,320,260F4B46,0,7,1,4294967295,0,0
Block,352,352,C5895F58,0,6,1,4294967295,0,0
Block,224,160,08001A39,0,5,1,4294967295,0,0
Block,352,256,B8AA5355,0,6,1,4294967295,0,0
Block,32,0,9FB776FE,0,8,2,4294967295,0,0
Block,32,64,80025B6A,0,4,1,4294967295,0,0
Block,480,160,49902EAC,0,1,1,4294967295,0,0
Block,960,320,7DB563D4,0,9,1,4294967295,0,0
Block,768,0,9ADD6B65,0,226,1,4294967295,0,0
Block,1696,480,8C799E5E,0,5,1,4294967295,0,0
Block,1728,384,8671BDCB,0,1,3,4294967295,0,0
Block,1632,320,67FCD10E,0,7,1,4294967295,0,0
Block,1824,352,5AE8C25B,0,1,3,4294967295,0,0
Block,1824,512,FF315C79,0,1,1,4294967295,0,0
Block,2144,512,D52B38F2,0,1,1,4294967295,0,0
Block,2144,480,1331AC0C,0,5,1,4294967295,0,0
Block,2240,384,A19A1F32,0,1,3,4294967295,0,0
Block,2144,352,F6179E07,0,1,3,4294967295,0,0
Block,2144,320,A74AB340,0,7,1,4294967295,0,0
Block,1696,96,471ADA03,0,1,5,4294967295,0,0
Block,2016,224,A2F1F66E,0,1,1,4294967295,0,0
Block,2432,512,88FE2B9C,0,6,1,4294967295,0,0
Block,2432,448,56DEB154,0,5,1,4294967295,0,0
Block,3264,416,23F6FCF5,0,7,1,4294967295,0,0
Block,3264,288,C6B6CC8E,0,7,1,4294967295,0,0
Block,3744,448,B4CCED51,0,1,1,4294967295,0,0
Block,3872,448,5DCF43B4,0,1,1,4294967295,0,0
Block,3808,320,BADFDACD,0,1,1,4294967295,0,0
Block,3264,160,1D93640E,0,7,1,4294967295,0,0
Block,4224,512,3B8F6155,0,1,1,4294967295,0,0
Block,4096,480,63D06EEA,0,5,1,4294967295,0,0
Block,4128,448,81C148AD,0,2,1,4294967295,0,0
Block,4224,320,E4618BB5,0,1,5,4294967295,0,0
Block,4032,384,1A9FA5F2,0,1,1,4294967295,0,0
Block,4096,288,050F2AE4,0,5,1,4294967295,0,0
Block,4032,544,DE6B1A15,0,1,1,4294967295,0,0
Block,4224,128,307A27CD,0,1,5,4294967295,0,0
Block,4096,96,5B15C314,0,5,1,4294967295,0,0
Block,4128,256,29AB0A20,0,2,1,4294967295,0,0
Block,4128,128,4646993F,0,2,1,4294967295,0,0
Block,4576,480,9AB09FF8,0,5,1,4294967295,0,0
Block,4704,384,C6C1672A,0,1,3,4294967295,0,0
Block,4512,352,9A5CFDEB,0,7,1,4294967295,0,0
Block,4512,128,B45A7D1B,0,1,7,4294967295,0,0
Block,4576,224,C484A081,0,6,1,4294967295,0,0
Block,4512,96,509FB014,0,7,1,4294967295,0,0
Block,4896,512,192A4D7B,0,5,1,4294967295,0,0
Block,4928,480,B9E6CEA2,0,1,1,4294967295,0,0
Block,5024,256,E5B6A152,0,1,8,4294967295,0,0
Block,4832,352,337C5BC2,0,4,3,4294967295,0,0
Block,4928,448,A581D08B,0,1,1,4294967295,0,0
Block,4896,288,278CBF30,0,2,1,4294967295,0,0
Block,4896,256,D9CDEA31,0,4,1,4294967295,0,0
Block,5344,512,9246C8FA,0,6,1,4294967295,0,0
Block,5504,352,9F05FC4D,0,1,5,4294967295,0,0
Block,5280,352,17C14C67,0,7,1,4294967295,0,0
Block,5280,160,BAB53B8A,0,1,6,4294967295,0,0
Block,5344,256,1E4B9595,0,7,1,4294967295,0,0
Block,5280,128,FB248C2F,0,8,1,4294967295,0,0
Block,5664,448,46F95751,0,7,1,4294967295,0,0
Block,5632,320,D9B0A889,0,6,1,4294967295,0,0
Block,5856,192,C65E5F30,0,1,8,4294967295,0,0
Block,5664,192,28CA692B,0,6,1,4294967295,0,0
Block,5888,320,62419E69,0,6,1,4294967295,0,0
Block,6112,144,56B85F64,0,3,1,4294967295,0,0
Block,7424,128,4637A5E2,0,1,11,4294967295,0,0
Block,7744,544,46B6DD71,0,6,1,4294967295,0,0
Block,7808,480,7489DAF1,0,1,1,4294967295,0,0
Block,7904,512,A8D7A6A0,0,1,1,4294967295,0,0
Block,7704,480,81EBA89F,0,1,1,4294967295,0,0
Block,7744,512,D3BE3C3E,0,1,1,4294967295,0,0
Block,7704,384,2335CE1A,0,1,1,4294967295,0,0
Block,7912,328,7F96B475,0,1,1,4294967295,0,0
Block,7912,224,576BD5AC,0,1,1,4294967295,0,0
Block,7712,224,64211829,0,1,1,4294967295,0,0
Block,7744,264,B36C5A55,0,1,1,4294967295,0,0
Block,7776,96,9CAA22F7,0,1,1,4294967295,0,0
Block,7872,96,B38E9677,0,1,1,4294967295,0,0
Block,7776,240,3B95670D,0,2,0.5,4294967295,0,0
Block,7824,208,31E99CD0,0,0.5,1,4294967295,0,0
Block,7552,224,88EA003A,0,4,1,4294967295,0,0
Block,6832,320,8F040BD2,0,3,1,4294967295,0,0
SlipBlock,7264,96,201D199D,0,6,1,4294967295,0,0
SlipBlock,7912,224,BE5924DA,0,1,1,4294967295,0,0
Block,7872,480,0427A472,0,2,1,4294967295,0,0
Block,7840,496,F3D238F8,0,1,0.5,4294967295,0,0
Block,2464,352,AD627626,0,1,1,4294967295,0,0
Block,1408,320,E3934CB6,0,1,1,4294967295,0,0
Block,6752,452,F231AEFD,0,1,1,4294967295,0,0
Block,6784,452,671BF433,0,1,1,4294967295,0,0
Block,6816,452,2CB829E4,0,1,1,4294967295,0,0
SlipBlock,7232,576,29A4BA49,0,9,1,4294967295,0,0
Block,640,576,F313545B,0,4,1,4294967295,0,0
WallJumpR,128,352,2E0A5302,0,1,1,4294967295,0,0
WallJumpR,128,384,213C6E87,0,1,1,4294967295,0,0
WallJumpR,128,416,FF92F746,0,1,1,4294967295,0,0
WallJumpR,128,448,A60C8F9A,0,1,1,4294967295,0,0
WallJumpL,0,352,6F80B6C9,0,1,1,4294967295,0,0
WallJumpL,0,384,B5C52A89,0,1,1,4294967295,0,0
WallJumpL,0,416,88F670C5,0,1,1,4294967295,0,0
WallJumpL,0,448,B9D6375B,0,1,1,4294967295,0,0
CautionStripL,0,256,F1D798CF,0,1,1,4294967295,0,0
CautionStripL,0,224,63A0DF32,0,1,1,4294967295,0,0
CautionFastL,512,288,D1734B57,0,1,1,4294967295,0,0
CautionFastL,512,320,A01E7BDE,0,1,1,4294967295,0,0
CautionStripL,0,192,F9EA347E,0,1,1,4294967295,0,0
SpikeR,160,448,7C336E07,0,1,1,4294967295,0,0
SpikeR,160,416,CC1750BA,0,1,1,4294967295,0,0
SpikeR,160,384,D0AFB5AA,0,1,1,4294967295,0,0
SpikeR,160,352,73B5BCD7,0,1,1,4294967295,0,0
SpikeL,320,256,F88FB1B7,0,1,1,4294967295,0,0
SpikeD,352,192,BE45EF2A,0,1,1,4294967295,0,0
SpikeU,256,288,07EF5622,0,1,1,4294967295,0,0
SpikeU,224,288,FCA35F5C,0,1,1,4294967295,0,0
SpikeUdot,1728,544,986A5DDC,0,1,1,4294967295,0,0
SpikeUdot,1696,448,D9444821,0,1,1,4294967295,0,0
SpikeDdot,1712,512,31B313CB,0,1,1,4294967295,0,0
SpikeLdot,1760,384,7B393421,0,1,1,4294967295,0,0
SpikeLdot,1792,352,C28EE1CE,0,1,1,4294967295,0,0
SpikeLdot,1696,384,8F73F141,0,1,1,4294967295,0,0
SpikeRdot,1632,416,0FF5DE8C,0,1,1,4294967295,0,0
SpikeLdot,1664,480,C4DCCB64,0,1,1,4294967295,0,0
SpikeRdot,1632,512,F6BCBB5B,0,1,1,4294967295,0,0
SpikeUdot,1664,544,0E538960,0,1,1,4294967295,0,0
SpikeDdot,1664,352,BACEDFDB,0,1,1,4294967295,0,0
SpikeD,2256,512,A9FC9B8D,0,1,1,4294967295,0,0
SpikeU,2240,544,596719D1,0,1,1,4294967295,0,0
SpikeU,2272,544,BCB67B96,0,1,1,4294967295,0,0
SpikeR,2336,432,DF3ABE27,0,1,1,4294967295,0,0
SpikeL,2304,480,935E5DAA,0,1,1,4294967295,0,0
SpikeD,2272,448,4C8AA639,0,1,1,4294967295,0,0
SpikeR,2272,384,A33CD3D4,0,1,1,4294967295,0,0
SpikeD,2288,352,D7B20083,0,1,1,4294967295,0,0
SpikeR,2176,416,1A1088AC,0,1,1,4294967295,0,0
SpikeL,2208,416,6EB4F79C,0,1,1,4294967295,0,0
SpikeU,4128,544,CBF6DA99,0,1,1,4294967295,0,0
SpikeU,4128,416,7E3CD61B,0,1,1,4294967295,0,0
SpikeU,4160,416,C64D3985,0,1,1,4294967295,0,0
SpikeU,4064,544,DBFCED99,0,1,1,4294967295,0,0
SpikeU,4128,224,B5A3A066,0,1,1,4294967295,0,0
SpikeU,4160,224,DE12DFFA,0,1,1,4294967295,0,0
SpikeD,4144,160,1BF82440,0,1,1,4294967295,0,0
SpikeU,4640,544,B7E3097D,0,1,1,4294967295,0,0
SpikeU,4640,320,EBBC8D6C,0,1,1,4294967295,0,0
SpikeD,4640,192,094E8E44,0,1,1,4294967295,0,0
SpikeU,4640,128,CA07C7DB,0,1,1,4294967295,0,0
SpikeU,5440,320,F5F1EB15,0,1,1,4294967295,0,0
SpikeU,5424,160,A402AE96,0,1,1,4294967295,0,0
SpikeD,5424,224,B90ECE16,0,1,1,4294967295,0,0
SpikeD,5456,224,03EA17EB,0,1,1,4294967295,0,0
SpikeU,5456,160,B61EB74B,0,1,1,4294967295,0,0
MiniSpikeDown,5664,224,82EBEF39,0,1,1,4294967295,0,0
MiniSpikeDown,5680,224,D4745682,0,1,1,4294967295,0,0
MiniSpikeDown,5728,224,9BAE305C,0,1,1,4294967295,0,0
MiniSpikeDown,5744,224,4D8987F2,0,1,1,4294967295,0,0
MiniSpikeDown,5760,224,ABD69947,0,1,1,4294967295,0,0
MiniSpikeDown,5776,224,9D53A5D6,0,1,1,4294967295,0,0
MiniSpikeDown,5792,224,C6648AD6,0,1,1,4294967295,0,0
MiniSpikeDown,5808,224,8393E2D9,0,1,1,4294967295,0,0
MiniSpikeDown,5648,352,0AC595DE,0,1,1,4294967295,0,0
MiniSpikeDown,5632,352,36C800B1,0,1,1,4294967295,0,0
MiniSpikeDown,5712,480,AFDB20AA,0,1,1,4294967295,0,0
MiniSpikeDown,5680,480,9338B604,0,1,1,4294967295,0,0
MiniSpikeDown,5696,480,B705A825,0,1,1,4294967295,0,0
MiniSpikeDown,5808,352,0544D0DA,0,1,1,4294967295,0,0
MiniSpikeDown,5792,352,BBA50014,0,1,1,4294967295,0,0
MiniSpikeDown,5776,352,A8459C60,0,1,1,4294967295,0,0
MiniSpikeDown,5760,352,9633A194,0,1,1,4294967295,0,0
MiniSpikeUp,5680,432,84EEEE8F,0,1,1,4294967295,0,0
MiniSpikeUp,5696,432,69E79987,0,1,1,4294967295,0,0
MiniSpikeUp,5712,432,14CC0411,0,1,1,4294967295,0,0
MiniSpikeUp,5728,432,046CADBD,0,1,1,4294967295,0,0
MiniSpikeUp,5712,304,07332D4A,0,1,1,4294967295,0,0
MiniSpikeUp,5696,304,61167ECC,0,1,1,4294967295,0,0
MiniSpikeDown,5728,480,02E1D214,0,1,1,4294967295,0,0
MiniSpikeRight,5824,320,F525D993,0,1,1,4294967295,0,0
MiniSpikeRight,5824,336,871E2CDD,0,1,1,4294967295,0,0
MiniSpikeRight,5632,192,DB0B0F23,0,1,1,4294967295,0,0
MiniSpikeRight,5632,208,9F4E3673,0,1,1,4294967295,0,0
MiniSpikeUp,5888,304,503CC7B5,0,1,1,4294967295,0,0
MiniSpikeUp,5904,304,4611EBC5,0,1,1,4294967295,0,0
MiniSpikeUp,5920,304,F364F847,0,1,1,4294967295,0,0
MiniSpikeUp,5936,304,5CA31DE8,0,1,1,4294967295,0,0
MiniSpikeUp,5952,304,969481D4,0,1,1,4294967295,0,0
MiniSpikeUp,5968,304,B666C542,0,1,1,4294967295,0,0
MiniSpikeUp,5984,304,2C656282,0,1,1,4294967295,0,0
MiniSpikeUp,6000,304,980C1F1A,0,1,1,4294967295,0,0
MiniSpikeUp,6016,304,D1D0C47D,0,1,1,4294967295,0,0
MiniSpikeUp,6032,304,67CCB95E,0,1,1,4294967295,0,0
MiniSpikeUp,6048,304,01E8C802,0,1,1,4294967295,0,0
MiniSpikeUp,6064,304,DA18D011,0,1,1,4294967295,0,0
MiniSpikeDown,5888,352,59D6C36D,0,1,1,4294967295,0,0
MiniSpikeDown,5904,352,A5E936DF,0,1,1,4294967295,0,0
MiniSpikeDown,5920,352,7DA4E61C,0,1,1,4294967295,0,0
MiniSpikeDown,5936,352,A04A1204,0,1,1,4294967295,0,0
MiniSpikeDown,5952,352,24985C46,0,1,1,4294967295,0,0
MiniSpikeDown,5968,352,C5740ABA,0,1,1,4294967295,0,0
MiniSpikeDown,5984,352,268D133A,0,1,1,4294967295,0,0
MiniSpikeDown,6000,352,DCB6DA7D,0,1,1,4294967295,0,0
MiniSpikeDown,6016,352,3452D6B4,0,1,1,4294967295,0,0
MiniSpikeDown,6032,352,9086B671,0,1,1,4294967295,0,0
MiniSpikeDown,6048,352,B3702D9F,0,1,1,4294967295,0,0
MiniSpikeDown,6064,352,9425ED41,0,1,1,4294967295,0,0
MiniSpikeRight,6080,320,195C0229,0,1,1,4294967295,0,0
MiniSpikeRight,6080,336,24EEEBF7,0,1,1,4294967295,0,0
SpikeU,7776,208,9702EF88,0,1,1,4280756007,0,0
SpikeU,7744,232,F22F9C48,0,1,1,4280756007,0,0
SpikeU,7712,192,2E377759,0,1,1,4280756007,0,0
SpikeU,7880,208,05DEB5E1,0,1,1,4280756007,0,0
SpikeU,7912,192,A11F01DD,0,1,1,4280756007,0,0
SpikeU,7872,64,7F4A0FEF,0,1,1,4280756007,0,0
SpikeU,7776,64,20147992,0,1,1,4280756007,0,0
SpikeU,7840,256,AC406E48,0,1,1,4280756007,0,0
SpikeU,7912,296,27D8EDFF,0,1,1,4280756007,0,0
SpikeU,7736,368,7D2209FD,0,1,1,4280756007,0,0
SpikeU,7704,352,183EC061,0,1,1,4280756007,0,0
SpikeU,7808,368,6F893625,0,1,1,4280756007,0,0
SpikeU,7824,400,59E58CBF,0,1,1,4280756007,0,0
SpikeU,7856,400,675762E7,0,1,1,4280756007,0,0
SpikeU,7840,432,5ED4C5E2,0,1,1,4280756007,0,0
SpikeU,7872,368,DD8DF056,0,1,1,4280756007,0,0
SpikeU,7776,416,92A62F30,0,1,1,4280756007,0,0
SpikeU,7808,448,889A7E5B,0,1,1,4280756007,0,0
SpikeU,7704,448,240F28F6,0,1,1,4280756007,0,0
SpikeD,7776,128,859149B4,0,1,1,4280756007,0,0
SpikeD,7872,128,03613977,0,1,1,4280756007,0,0
SpikeD,7712,256,3A1A9EF5,0,1,1,4280756007,0,0
SpikeD,7744,296,F7ECAC02,0,1,1,4280756007,0,0
SpikeD,7840,288,29477D61,0,1,1,4280756007,0,0
SpikeD,7912,256,4B5476F0,0,1,1,4280756007,0,0
SpikeD,7912,360,FD86B0C9,0,1,1,4280756007,0,0
SpikeD,7872,400,EA31784C,0,1,1,4280756007,0,0
SpikeD,7808,400,6AB3B79E,0,1,1,4280756007,0,0
SpikeD,7824,432,5D85F5E6,0,1,1,4280756007,0,0
SpikeD,7856,432,2FDD91B8,0,1,1,4280756007,0,0
SpikeD,7840,464,8DEBFC60,0,1,1,4280756007,0,0
SpikeD,7776,448,EB56FBA5,0,1,1,4280756007,0,0
SpikeD,7704,416,E80FF919,0,1,1,4280756007,0,0
SpikeD,7704,512,207BD80E,0,1,1,4280756007,0,0
SpikeL,7880,328,067EDBDB,0,1,1,4280756007,0,0
SpikeL,7880,224,53F1CD0A,0,1,1,4280756007,0,0
SpikeL,7810,176,06B80E1E,0,1,1,4280756007,0,0
SpikeL,7776,336,722DADF2,0,1,1,4280756007,0,0
SpikeR,7736,480,07A50C9E,0,1,1,4280756007,0,0
SpikeR,7736,384,65C4BF60,0,1,1,4280756007,0,0
MiniSpikeRight,7808,352,862F3207,0,1,1,4280756007,0,0
MiniSpikeLeft,7792,328,8D436570,0,1,1,4280756007,0,0
SpikeR,7808,328,2F4C0203,0,1,1,4280756007,0,0
SpikeR,7840,176,85EB7094,0,1,1,4280756007,0,0
SpikeR,7840,176,20E0E413,0,1,1,4280756007,0,0
FruitTrap,656,480,85BD442F,0,1,1,4294967295,0,1
FruitTrap,688,432,92CEA128,0,1,1,4294967295,0,1
SkyGradient2Colors,32,-64,75A4FBA1,0,1,1,4294967295,0,1
Teleporter,416,544,6FF87CDD,0,1,1,4294967295,0,1
Teleporter,1216,544,C41BA3D3,0,1,1,4294967295,0,1
Teleporter,1152,544,B6C11027,0,1,1,4294967295,0,1
Teleporter,2016,544,DEAF668D,0,1,1,4294967295,0,1
Teleporter,1952,544,7FF997F6,0,1,1,4294967295,0,1
Teleporter,2816,544,BF78F260,0,1,1,4294967295,0,1
Teleporter,2752,544,B293B42C,0,1,1,4294967295,0,1
Teleporter,3616,544,F7149B29,0,1,1,4294967295,0,1
Teleporter,3552,544,FA2A345B,0,1,1,4294967295,0,1
Teleporter,4416,544,1C70F9DD,0,1,1,4294967295,0,1
Teleporter,4352,544,176F1549,0,1,1,4294967295,0,1
Teleporter,5216,544,D9C006D6,0,1,1,4294967295,0,1
Teleporter,5152,544,1A848B31,0,1,1,4294967295,0,1
Teleporter,6016,544,3C9AF090,0,1,1,4294967295,0,1
Teleporter,5952,544,4DC21E80,0,1,1,4294967295,0,1
Teleporter,6816,544,76AB3A0D,0,1,1,4294967295,0,1
Teleporter,6752,544,2B9689DA,0,1,1,4294967295,0,1
Teleporter,7552,544,92EFDDF3,0,1,1,4294967295,0,1
GuyCouch,48,544,ED0A00F2,0,1,1,4294967295,0,0
Trigger1,656,496,3D52673C,0,1,2.5,4294967295,0,0
Triggered1,656,464,D21EFD47,0,1,1,4294967295,0,0
Platform,64,320,54452D94,0,1,1,4294967295,0,1
CloudBolt,640,112,AFF732DC,0,1,1,4294967295,0,0
Trigger2,640,112,2FFBBB3B,0,1,4.5,4294967295,0,0
Triggered2,640,112,78991342,0,1,1,4294967295,0,0
YokuBlock,736,128,6E66354F,0,1,1,4294967295,0,0
YokuBlock,736,160,823A5111,0,1,1,4294967295,0,0
YokuBlock,736,192,B560CF03,0,1,1,4294967295,0,0
YokuBlock,736,224,3489A415,0,1,1,4294967295,0,0
YokuBlock,736,256,EAE7C2DD,0,1,1,4294967295,0,0
YokuBlock,736,288,BDA9E3AF,0,1,1,4294967295,0,0
YokuBlock,736,320,CEB3A0C2,0,1,1,4294967295,0,0
YokuBlock,736,352,F72A1551,0,1,1,4294967295,0,0
YokuBlock,736,384,55F498EB,0,1,1,4294967295,0,0
YokuBlock,736,416,C7D8617E,0,1,1,4294967295,0,0
YokuBlock,736,448,AC3310FF,0,1,1,4294967295,0,0
FakeBlock,352,288,BE28FDE4,0,1,1,4294967295,0,0
BreakBlock,384,160,737A46B9,0,1,1,4294967295,0,0
BreakBlock,416,160,A52D1364,0,1,1,4294967295,0,0
BreakBlock,448,160,DD37EC64,0,1,1,4294967295,0,0
MusicPlayer,64,-64,1D333B4A,0,1,1,4294967295,0,1
Platform,512,160,FBECDEE9,0,1,1,4294967295,0,1
GravFlip,1088,544,46E4D4E1,0,1,1,4294967295,0,0
SlopeBL,1088,288,DEB84DDF,0,1,1,4294967295,0,0
SlopeBL,1184,256,61A916FE,0,1,2,4294967295,0,0
SlopeBR,1056,288,C44E7322,0,1,1,4294967295,0,0
SlopeBR,1152,256,3C3E65DD,0,1,2,4294967295,0,0
SlopeBeam,1248,224,DF0BCCBA,0,2.19,1.04,4294967295,25.35,1
SlopeBeam,1120,96,48B8B905,0,1.82,1.4,4294967295,332.35,1
SlopeBlock,1024,128,191BA06E,0,2,2,4294967295,330,1
GravFlip,1280,544,0DAE3F37,0,1,1,4294967295,0,0
GravNormal,960,32,FE797674,0,1,1,4294967295,0,0
GravNormal,1408,32,4AA27230,0,1,1,4294967295,0,0
GravFlip,896,256,B9D3FA17,0,1,1,4294967295,0,0
GravNormal,864,256,06AAC3DB,0,1,1,4294967295,0,0
Ladder,896,544,0775A850,0,1,1,4294967295,0,0
Ladder,896,512,E39466D3,0,1,1,4294967295,0,0
Ladder,896,480,8EAB2429,0,1,1,4294967295,0,0
Ladder,896,448,5971D57A,0,1,1,4294967295,0,0
LadderSide,1024,352,B312093F,0,1,1,4294967295,0,0
LadderSide,1056,352,37DC7647,0,1,1,4294967295,0,0
LadderSide,1088,352,EDAF3BB7,0,1,1,4294967295,0,0
Ladder,928,320,D1FF3355,0,1,1,4294967295,0,0
LadderSide,992,352,BDDFB48D,0,1,1,4294967295,0,0
CoinFlip,1440,224,DC5B7E24,0,1,1,4294967295,0,0
CoinFlip,1472,224,2A377034,0,1,1,4294967295,0,0
CoinFlip,1504,224,0FB4AD50,0,1,1,4294967295,0,0
CoinNormal,1440,96,6CC78505,0,1,1,4294967295,0,0
CoinNormal,1472,96,2BDF8511,0,1,1,4294967295,0,0
CoinNormal,1504,96,1830DB44,0,1,1,4294967295,0,0
TextDraw,400,496,9CEE57F7,0,1,1,4294967295,0,1
TextDraw,1200,496,FF99E634,0,1,1,4294967295,0,1
TextDraw,2000,496,C8EB8C02,0,1,1,4294967295,0,1
WhiteDotEnable,1760,544,54D77142,0,1,1,4294967295,0,0
WhiteDotKiller,1824,544,42B27215,0,1,1,4294967295,0,0
WhiteDotDisable,1760,448,EEAC9CB7,0,1,1,4294967295,0,0
WhiteDotKiller,1824,448,EE7D64C1,0,1,1,4294967295,0,0
Platform,1856,384,478E21AD,0,1,1,4294967295,0,0
DotkidEnable,2208,544,3DA6109D,0,1,1,4294967295,0,0
DotkidKiller,2144,544,E22C5005,0,1,1,4294967295,0,0
DotkidKiller,2144,448,10439738,0,1,1,4294967295,0,0
DotkidDisable,2208,448,90B3DE18,0,1,1,4294967295,0,0
ShootkidEnable,1728,288,F86228E2,0,1,1,4294967295,0,0
ShootkidDisable,2240,288,0313DFF7,0,1,1,4294967295,0,0
Cherry,2128,336,DDC2CFF9,0,1,1,4294967295,0,0
Cherry,2128,304,07F3BC51,0,1,1,4294967295,0,0
Cherry,2128,272,F485C859,0,1,1,4294967295,0,0
Cherry,2128,208,8F946591,0,1,1,4294967295,0,0
Cherry,2128,176,0238C914,0,1,1,4294967295,0,0
SavePointVeryHard,1792,288,C95FCF35,0,1,1,4294967295,0,0
SavePointVeryHard,1136,192,A84D1D38,0,1,1,4294967295,0,0
Item2,2304,224,87725182,0,1,1,4294967295,0,0
Platform,2304,256,44764CBA,0,1,1,4294967295,0,0
Cherry,2128,144,AFF4788F,0,1,1,4294967295,0,0
TextDraw,2800,496,695E6C3D,0,1,1,4294967295,0,1
KeyWhite,2592,480,0A36046A,0,1,1,4294967295,0,0
KeyBlockWhite,2592,544,C88ED3AD,0,1,1,4294967295,0,0
KeyBlockRed,2560,480,E80C24F6,0,1,1,4294967295,0,0
KeyRed,2432,544,DD1E2DD7,0,1,1,4294967295,0,0
TextDraw,3600,496,3A45211F,0,1,1,4294967295,0,1
SpinFlip,3360,512,AFECDB98,0,1,1,4294967295,0,0
SpinNormal,3360,80,660FBD0B,0,1,1,4294967295,0,0
KidBlockDown,3232,416,89E0A8CD,0,1,1,4294967295,0,0
KidBlockUp,3232,288,CFD4077E,0,1,1,4294967295,0,0
WCSpikeSwitcher,3808,512,961C47A5,0,1,1,4294967295,0,0
WCSpikeOrange,3744,480,BA7CCE71,0,1,1,4294967295,0,0
WCSpikeOrangeU,3744,416,3736F291,0,1,1,4294967295,0,0
WCSpikeOrangeR,3904,448,4FC836E2,0,1,1,4294967295,0,0
WCSpikeOrangeL,3840,448,8A704A39,0,1,1,4294967295,0,0
WCSpikeGreen,3872,480,DE6B8A81,0,1,1,4294967295,0,0
WCSpikeGreenL,3712,448,20536FEF,0,1,1,4294967295,0,0
WCSpikeGreenR,3776,448,0474D10A,0,1,1,4294967295,0,0
WCSpikeGreenU,3872,416,2C11A3DC,0,1,1,4294967295,0,0
WCSpikeSwitcher,3808,384,B8915B51,0,1,1,4294967295,0,0
KidBlockDown,3232,160,84FE04BA,0,1,1,4294967295,0,0
StarSingleJump,4192,544,8C1C4372,0,1,1,4294967295,0,0
SavePointVeryHard,4032,352,BE07F624,0,1,1,4294967295,0,0
StarDoubleJump,4192,448,82EFDE4C,0,1,1,4294967295,0,0
StarTripleJump,4192,256,DA75EE8F,0,1,1,4294967295,0,0
Item3,2432,480,3C7485D6,0,1,1,4294967295,0,0
Item4,3808,288,44F194F3,0,1,1,4294967295,0,0
Item5,4192,64,BA366740,0,1,1,4294967295,0,0
Item6,5376,64,4618C330,0,1,1,4294967295,0,0
Item7,6144,112,AD4E899F,0,1,1,4294967295,0,0
Item8,6592,80,C435C040,0,1,1,4294967295,0,0
StarDoubleJump,4224,32,3FC89291,0,1,1,4294967295,0,0
StarDoubleJump,4224,64,799490CC,0,1,1,4294967295,0,0
StarDoubleJump,4256,544,F15E416C,0,1,1,4294967295,0,0
LowGravField,4736,480,84CD6CA5,0,1,1,4294967295,0,0
HighGravField,4608,544,5BF0EDC2,0,1,1,4294967295,0,0
HighGravField,4640,544,AED93858,0,1,1,4294967295,0,0
HighGravField,4672,544,3B0F8E42,0,1,1,4294967295,0,0
HighGravField,4608,512,9BAA98E3,0,1,1,4294967295,0,0
HighGravField,4640,512,AC18DD1D,0,1,1,4294967295,0,0
HighGravField,4672,512,C9CB10B9,0,1,1,4294967295,0,0
LowGravField,4736,352,8F890AC9,0,1,1,4294967295,0,0
LowGravField,4736,384,CFEC3C8E,0,1,1,4294967295,0,0
LowGravField,4736,416,52A4BAE6,0,1,1,4294967295,0,0
LowGravField,4736,448,C9A45E51,0,1,1,4294967295,0,0
LowSpeedField,4608,288,E754439E,0,1,1,4294967295,0,0
LowSpeedField,4608,320,707B5706,0,1,1,4294967295,0,0
LowSpeedField,4640,288,A6870B57,0,1,1,4294967295,0,0
LowSpeedField,4640,320,F3214140,0,1,1,4294967295,0,0
LowSpeedField,4672,288,975E17E8,0,1,1,4294967295,0,0
LowSpeedField,4672,320,F6E89D3A,0,1,1,4294967295,0,0
HighSpeedField,4608,128,63570A60,0,1,1,4294967295,0,0
HighSpeedField,4608,160,4828E097,0,1,1,4294967295,0,0
HighSpeedField,4608,192,E462CCDB,0,1,1,4294967295,0,0
HighSpeedField,4640,128,98B9F9D6,0,1,1,4294967295,0,0
HighSpeedField,4640,160,C99E149A,0,1,1,4294967295,0,0
HighSpeedField,4672,192,39E9FB25,0,1,1,4294967295,0,0
HighSpeedField,4640,192,BC996511,0,1,1,4294967295,0,0
HighSpeedField,4672,128,5399FBAB,0,1,1,4294967295,0,0
HighSpeedField,4672,160,837CCA40,0,1,1,4294967295,0,0
SavePointVeryHard,4544,224,F305F986,0,1,1,4294967295,0,0
LowSpeedField,4608,256,0EC2B210,0,1,1,4294967295,0,0
LowSpeedField,4640,256,A65C0FBF,0,1,1,4294967295,0,0
LowSpeedField,4672,256,B8E54813,0,1,1,4294967295,0,0
PastelSpikeBlackU,4992,544,6CA99FC4,0,1,1,4294967295,0,0
PastelSpikeGreenR,4832,480,4E6E3F78,0,1,1,4294967295,0,0
PastelSpikeBlueU,4992,480,2174AA1D,0,1,1,4294967295,0,0
PastelSpikeGreenR,4832,448,1F20623B,0,1,1,4294967295,0,0
WaterStopper,5024,448,66D68FBA,0,1,1,4294967295,0,0
WaterStopper,5024,480,71C8ABCA,0,1,1,4294967295,0,0
PastelSpikeBlack,4896,320,51D7D164,0,1,1,4294967295,0,0
PastelSpikeBlueR,4832,160,E31BCC94,0,1,1,4294967295,0,0
BeamNormal,5360,544,5C5AB69B,0,1,1,4294967295,0,0
BeamLowGrav,5520,544,EDF23F32,0,1,1,4294967295,0,0
BeamHighGrav,5520,288,E044BFA2,0,1,2,4294967295,0,0
BeamNormal,5360,288,D4054D57,0,1,2,4294967295,0,0
BeamHighGrav,5376,288,77CCF788,0,1,2,4294967295,0,0
BeamHighSpeed,5360,160,C89EA9D0,0,1,3,4294967295,0,0
BeamNormal,5488,32,21944E9E,0,1,3,4294967295,0,0
BeamHighSpeed,5504,32,EC373C0F,0,1,3,4294967295,0,0
VCoinGive,5824,512,CD64A202,0,1,1,4294967295,0,0
SingleJumpSwitchBlock,6176,448,01E7BBAC,0,1,1,4294967295,0,0
SingleJumpSwitchBlock,6176,384,C8F2C5E2,0,1,1,4294967295,0,0
SingleJumpSwitchBlockOff,6176,416,CE20F094,0,1,1,4294967295,0,0
JumpSwitchBlock,6240,416,F37513A5,0,1,1,4294967295,0,0
JumpSwitchBlock,6240,384,7688EFF2,0,1,1,4294967295,0,0
JumpSwitchBlock,6240,352,229483A3,0,1,1,4294967295,0,0
JumpSwitchBlock,6240,320,6BB95822,0,1,1,4294967295,0,0
JumpSwitchBlock,6240,288,AE0FBEAE,0,1,1,4294967295,0,0
JumpSwitchBlock,6240,256,8B6E3A53,0,1,1,4294967295,0,0
VCoinTake,6144,64,9E051EB6,0,1,1,4294967295,0,0
Yoshi,6976,576,941C4C7F,0,1,1,4294967295,0,0
SmwSaw,7072,512,A4488E12,0,1,1,4294967295,0,0
SmwSaw,6640,512,99058D9A,0,1,1,4294967295,0,0
SmwSaw,6528,400,8A325A4A,0,1,1,4294967295,0,0
SmwSaw,6656,256,260F1625,0,1,1,4294967295,0,0
Muncher,6432,544,7C82FD1F,0,1,1,4294967295,0,0
Muncher,6464,544,D1904368,0,1,1,4294967295,0,0
Muncher,6496,544,82705302,0,1,1,4294967295,0,0
Muncher,6528,544,8868AC74,0,1,1,4294967295,0,0
Muncher,6560,544,3DCBAAB3,0,1,1,4294967295,0,0
Muncher,6592,544,7FF8564A,0,1,1,4294967295,0,0
Muncher,6624,544,3FF813CA,0,1,1,4294967295,0,0
Muncher,6656,544,0AEC27A7,0,1,1,4294967295,0,0
Muncher,6688,544,6805E5E4,0,1,1,4294967295,0,0
ShootBlock,7312,448,BB5A5C1E,0,1,1,4294967295,0,0
ShootBlockBig,7360,416,C49D62FF,0,1,1,4294967295,0,0
ShootBlockBig,7296,384,4F7AB580,0,1,1,4294967295,0,0
ShootBlockBig,7232,416,533810F3,0,1,1,4294967295,0,0
ShootBlock,7248,384,668713E6,0,1,1,4294967295,0,0
ShootBlock,7232,352,BC626B2C,0,1,1,4294967295,0,0
ShootBlock,7360,384,09E64A95,0,1,1,4294967295,0,0
ShootBlock,7344,352,6F1A23BC,0,1,1,4294967295,0,0
ShootBlock,7280,320,8CAF8FA5,0,1,1,4294967295,0,0
ShootBlockBig,7312,288,994D1274,0,1,1,4294967295,0,0
ShootBlockBig,7232,256,F75CB7E3,0,1,1,4294967295,0,0
ShootBlock,7248,320,906FF3E5,0,1,1,4294967295,0,0
ShootBlockBig,7296,224,3F14FBAF,0,1,1,4294967295,0,0
ShootBlock,7232,192,5FB91DEA,0,1,1,4294967295,0,0
ShootBlock,7264,192,AA153448,0,1,1,4294967295,0,0
ShootBlock,7296,192,82A73AEB,0,1,1,4294967295,0,0
ShootBlock,7328,192,3CFF66A4,0,1,1,4294967295,0,0
ShootBlock,7360,192,406E78CA,0,1,1,4294967295,0,0
ShootBlock,7264,160,7020AA55,0,1,1,4294967295,0,0
ShootBlock,7296,160,CBFA65A4,0,1,1,4294967295,0,0
ShootBlock,7328,160,5F066C6E,0,1,1,4294967295,0,0
ShootBlock,7360,160,BAE6CBEA,0,1,1,4294967295,0,0
ShootBlock,7392,160,9C1FC2C5,0,1,1,4294967295,0,0
ShootBlock,7232,128,606DD960,0,1,1,4294967295,0,0
ShootBlock,7264,128,40B2FEA5,0,1,1,4294967295,0,0
ShootBlock,7296,128,0E55DDD6,0,1,1,4294967295,0,0
ShootBlock,7328,128,61524818,0,1,1,4294967295,0,0
ShootBlock,7360,128,E3DF9C9B,0,1,1,4294967295,0,0
ShootBlockBig,7280,480,602B41F5,0,1,1,4294967295,0,0
ShootBlockBig,7344,512,27213F28,0,1,1,4294967295,0,0
ShootBlock,7264,544,FCFB729E,0,1,1,4294967295,0,0
ShootBlock,7232,544,41FF08D6,0,1,1,4294967295,0,0
ShootBlock,7248,512,06B22002,0,1,1,4294967295,0,0
ShootBlock,7232,480,E7FC30E3,0,1,1,4294967295,0,0
ShootBlock,7344,480,B83F7F11,0,1,1,4294967295,0,0
ShootBlock,7392,480,17E93FE6,0,1,1,4294967295,0,0
ShootBlock,7408,544,2C06B247,0,1,1,4294967295,0,0
ShootBlock,7312,544,A25F41EE,0,1,1,4294967295,0,0
ShootBlock,7376,352,247814CA,0,1,1,4294967295,0,0
ShootBlock,7392,320,71970141,0,1,1,4294967295,0,0
ShootBlock,7376,288,EB100FC7,0,1,1,4294967295,0,0
ShootBlock,7296,352,27FB3291,0,1,1,4294967295,0,0
JumpRefresher,7536,240,FFF7DD3B,0,1,1,4294967295,0,0
JumpRefresher,7504,256,9B59C785,0,1,1,4294967295,0,0
JumpRefresher,7520,272,8DF4851C,0,1,1,4294967295,0,0
JumpRefresher,7472,224,61161388,0,1,1,4294967295,0,1
JumpRefresher,7504,208,8D6989F7,0,1,1,4294967295,0,1
JumpRefresher,7536,192,0AFA87D1,0,1,1,4294967295,0,1
ClockOn,7600,144,FA4C0627,0,1,1,4294967295,0,0
Teleporter,7600,112,A21FE034,0,1,1,4294967295,0,1
ClockOff,7600,192,ADDEC8B1,0,1,1,4294967295,0,0
Teleporter,7872,512,50A5CDAE,0,1,1,4294967295,0,1
SavePointVeryHard,7808,224,C50F0B61,0,1,1,4286578752,0,0
Platform,1312,416,64EEAF06,0,0.5,2,4294967295,0,0
Platform,1312,384,52C81515,0,0.5,1,4294967295,0,0
Platform,1312,464,9303260D,0,0.5,5,4294967295,0,0
Item1,7840,512,B1382C66,0,1,1,4294967295,0,0
ShootBlock,7392,256,AAB2054D,0,1,1,4294967295,0,0
ShootBlock,7376,224,82248A78,0,1,1,4294967295,0,0
ShootBlock,7248,224,248F2CB2,0,1,1,4294967295,0,0
SavePointVeryHard,7584,512,E7B820A8,0,1,1,4294967295,0,0
SavePointVeryHard,6784,512,8BD5C430,0,1,1,4294967295,0,0
SavePointVeryHard,5984,512,2FEC7641,0,1,1,4294967295,0,0
SavePointVeryHard,5184,512,A9ACAD46,0,1,1,4294967295,0,0
SavePointVeryHard,4384,512,943456EB,0,1,1,4294967295,0,0
SavePointVeryHard,3584,512,C4B585BF,0,1,1,4294967295,0,0
SavePointVeryHard,2784,512,37194F83,0,1,1,4294967295,0,0
SavePointVeryHard,1984,512,B6055675,0,1,1,4294967295,0,0
SavePointVeryHard,1184,512,EB0A5953,0,1,1,4294967295,0,0
SavePointVeryHard,384,512,5E474DDA,0,1,1,4294967295,0,0
TextDraw,4400,496,26D045EA,0,1,1,4294967295,0,1
TextDraw,5200,496,60BA1953,0,1,1,4294967295,0,1
TextDraw,6000,496,263C82F6,0,1,1,4294967295,0,1
TextDraw,6800,496,9F11F061,0,1,1,4294967295,0,1
Platform,6960,384,76F43699,0,1,1,4294967295,0,0
Platform,7008,288,D742122C,0,1,1,4294967295,0,0
SlopeBR,6736,256,8E4F3E82,0,3,3,4294967295,0,0
SlopeBL,6832,256,413EAF7C,0,2,2,4294967295,0,0
TextDraw,7600,496,DAE750CE,0,1,1,4294967295,0,1
Trigger3,448,384,73C86BC9,0,6,2.5,4294967295,0,0
Triggered3,688,400,76B83FCD,0,1,1,4294967295,0,0
Trigger4,288,224,122962A2,0,1,3,4294967295,0,0
Triggered4,288,176,E6EE42F6,0,1,1,4294967295,0,0
JumpBlock,7456,448,FBF8CF28,0,1,1,4294967295,0,0
JumpBlock,7456,416,0B57923A,0,1,1,4294967295,0,0
JumpBlock,7456,384,2AA259E6,0,1,1,4294967295,0,0
JumpBlock,7456,352,4DE2A3F8,0,1,1,4294967295,0,0
JumpCherry,7616,384,84BDEC66,0,1,1,4294967295,0,0
DemoBlock,352,544,63FE1B31,0,1,1,4294967295,0,0
YokuGroup,2848,96,029D2E12,0,3.33,5,4294967295,0,0
ActualYokuBlock,2944,448,72D8CE7F,0,1,1,4294967295,0,1
ActualYokuBlock,2944,352,33A24BFB,0,1,1,4294967295,0,1
ActualYokuBlock,3072,352,A8130FA9,0,1,1,4294967295,0,1
ActualYokuBlock,3072,256,A77DEE91,0,1,1,4294967295,0,1
ActualYokuBlock,2976,192,3744D1AE,0,1,1,4294967295,0,0
Platform,2976,96,31433FF7,0,1,1,4294967295,0,0
DingBlock,7456,320,4E88B92E,0,1,1,4294967295,0,0
Platform,1344,384,CF561795,0,1,1,4294967295,0,0
Platform,1392,384,950A6837,0,2.5,1,4294967295,0,0
Platform,1344,416,E4335F1D,0,1,2,4294967295,0,0
Platform,1392,416,176DBBF0,0,2.5,2,4294967295,0,0
Platform,1344,464,167F615D,0,1,5,4294967295,0,0
Platform,1392,464,4BA9799D,0,2.5,5,4294967295,0,0
Platform,1488,384,550E7A79,0,2,10,4294967295,0,0
LiftBlock,320,432,D6341280,0,1,1,4294967295,0,1
Trigger1,2528,416,82C67440,0,1,1,4294967295,0,0
Triggered1,2464,416,2699BC06,0,1,1,4294967295,0,0
TrapStop,2464,352,376B4D4C,0,1,1,4294967295,0,0
CherryRainbow,2672,416,B24989EC,0,1,1,4294967295,0,0
SavePointVeryHard,1008,224,2468091D,0,1,1,4294967295,210,0
Fig,718,471,FBEDD63C,0,1,1,4294967295,0,0
DoubleJumpSwitchBlock,6272,416,E1B03CAB,0,1,1,4294967295,0,0
Wasp,720,496,44292B39,0,1,1,4294967295,0,0
FunnySlope,1248,320,581CD508,0,5,1,4294967295,0,1
CameraOverride,96,-64,55D61D9B,0,1,1,4294967295,0,1
Trigger5,288,0,C96FEA40,0,10,2,4294967295,0,0
Triggered5,672,0,54A2867D,0,1,1,4294967295,0,0
Platform,1056,400,370B2295,0,3,1,4294967295,346.31598025,0
Platform,1002,487,60BA8965,0,1,2,4294967295,20.55604522,0
Coin,2944,416,27385A2F,0,1,1,4294967295,0,0
Coin,2944,320,54A1AB6B,0,1,1,4294967295,0,0
Coin,3072,320,CAC11641,0,1,1,4294967295,0,0
Coin,3072,224,E1E356C4,0,1,1,4294967295,0,0
Coin,2976,160,DFC7B795,0,1,1,4294967295,0,0
Coin,2976,64,36BEA38B,0,1,1,4294967295,0,0
YokuSpeedChanger,3072,320,D70501D4,0,1,1,4294967295,0,1
YokuSpeedChanger,2976,160,459042A7,0,1,1,4294967295,0,1
DumbBugz,2576,192,654D5792,0,1,1,4294967295,0,0
DumbBugz,2624,288,5BCE352C,0,1,1,4294967295,0,0
DumbBugz,2732,176,FF2DD583,0,-1,1,4294967295,0,0
WaterStopper,5280,160,E0C2B2D8,0,1,1,4294967295,0,0
WaterStopper,4992,256,A7E0A19F,0,1,1,4294967295,0,0
Muncher,6720,112,332A31F0,0,1,1,4294967295,0,0
Muncher,6688,112,FE5C12A1,0,1,1,4294967295,0,0
Muncher,6656,112,A49A1DB2,0,1,1,4294967295,0,0
Muncher,6624,112,21F8B501,0,1,1,4294967295,0,0
Muncher,6592,112,5F2CC5A6,0,1,1,4294967295,0,0
Platform,4336,96,E5BCCF72,0,1,1,4294967295,0,1
LadderSide,1120,352,23C63BD2,0,1,1,4294967295,0,0
Trigger9,32,288,0B752CB9,0,3,1,4294967295,0,0
Triggered9,32,80,3147E34D,0,3,1,4294967295,0,0
TrapStop,48,128,E64C37D9,0,2,0.5,4294967295,0,0
FunnySlope,480,576,720556D0,0,5,1,4294967295,0,1
AlignIndicator,2592,448,2D95566E,0,1,1,4294967295,0,0
AlignIndicator,2720,512,C66D9303,0,1,1,4294967295,0,0
KeyDraw,2448,48,AC1598B3,0,1,1,4294967295,0,0
PlayerStart,384,544,0F4D14D4,0,1,1,4294967295,0,0
PlayerStart,4576,64,2A658927,0,1,1,4294967295,0,1
