DepthTint,320,384,171CAFB7,0,1,1,4294967295,0,1
DepthShaderReset,320,416,832EC17F,0,1,1,4294967295,0,1
DepthRainbow,384,64,DCED7AF9,0,1,1,4294967295,0,1
DepthShaderReset,384,96,91F0D178,0,1,1,4294967295,0,1
Autotiler,64,32,E883BB22,0,1,1,4294967295,0,1
WarpToHub,64,544,9238EE20,0,1,1,4294967295,0,0
Block,0,32,003F7A19,0,1,17,4294967295,0,0
Block,0,576,001A25E1,0,25,1,4294967295,0,0
Block,768,32,00401B8D,0,1,17,4294967295,0,0
Block,0,0,00256BF1,0,25,1,4294967295,0,0
Block,320,480,27F4ABC0,0,6,1,4294967295,0,0
Block,320,352,B0B5D52B,0,6,1,4294967295,0,0
Block,416,224,A7031A98,0,6,1,4294967295,0,0
Block,416,256,A476557C,0,1,3,4294967295,0,0
Block,576,256,61C38443,0,1,3,4294967295,0,0
Block,576,352,F20836CC,0,4,1,4294967295,0,0
Block,576,480,E684910C,0,4,1,4294967295,0,0
Block,192,224,D52449BB,0,6,1,4294967295,0,0
Block,192,352,7072D800,0,1,2,4294967295,0,0
Block,32,224,A77C5721,0,3,1,4294967295,0,0
MusicPlayer,32,32,003C2ED2,0,1,1,4294967295,0,1
SavePointMedium,96,544,168ED2C1,0,1,1,4294967295,0,0
Platform,320,160,59602871,0,1,1,4294967295,0,1
Platform,224,64,858593DC,0,1,1,4294967295,0,1
Platform,544,128,374CD783,0,1,1,4294967295,0,1
PlayerStart,64,544,96BD2CE7,0,1,1,4294967295,0,0
LightingCtrl,96,32,4468B85C,0,1,1,4294967295,0,1
LightingCtrl,64,96,C4EB49DD,0,1,1,4294967295,0,1
Light,512,288,2980025B,0,1,1,4294967295,0,1
Light,288,128,7A46E054,0,1,1,4294967295,0,1
Light,672,160,7D52A705,0,1,1,4294967295,0,1
Light,160,384,936D1367,0,1,1,4294967295,0,1
Light,416,544,AB5D63C9,0,1,1,4294967295,0,1
Light,480,448,44F55D19,0,1,1,4294967295,0,1
