tile_Rainbow,768,576,0,0,32,32,0,1,1,4294967295
tile_Rainbow,736,576,0,0,32,32,0,1,1,4294967295
tile_Rainbow,704,576,0,0,32,32,0,1,1,4294967295
tile_Rainbow,672,576,0,0,32,32,0,1,1,4294967295
tile_Rainbow,672,544,0,0,32,32,0,1,1,4294967295
tile_Rainbow,640,544,0,0,32,32,0,1,1,4294967295
tile_Rainbow,608,544,0,0,32,32,0,1,1,4294967295
tile_Rainbow,608,512,0,0,32,32,0,1,1,4294967295
tile_Rainbow,576,512,0,0,32,32,0,1,1,4294967295
tile_Rainbow,544,512,0,0,32,32,0,1,1,4294967295
tile_Rainbow,512,512,0,0,32,32,0,1,1,4294967295
tile_Rainbow,480,512,0,0,32,32,0,1,1,4294967295
tile_Rainbow,512,480,0,0,32,32,0,1,1,4294967295
tile_Rainbow,480,480,0,0,32,32,0,1,1,4294967295
tile_Rainbow,448,480,0,0,32,32,0,1,1,4294967295
tile_Rainbow,416,480,0,0,32,32,0,1,1,4294967295
tile_Rainbow,384,480,0,0,32,32,0,1,1,4294967295
tile_Rainbow,352,480,0,0,32,32,0,1,1,4294967295
tile_Rainbow,320,416,0,0,32,32,0,1,1,4294967295
tile_Rainbow,352,416,0,0,32,32,0,1,1,4294967295
tile_Rainbow,352,448,0,0,32,32,0,1,1,4294967295
tile_Rainbow,320,448,0,0,32,32,0,1,1,4294967295
tile_Rainbow,288,416,0,0,32,32,0,1,1,4294967295
tile_Rainbow,256,416,0,0,32,32,0,1,1,4294967295
tile_Rainbow,224,416,0,0,32,32,0,1,1,4294967295
tile_Rainbow,224,384,0,0,32,32,0,1,1,4294967295
tile_Rainbow,224,352,0,0,32,32,0,1,1,4294967295
tile_Rainbow,192,352,0,0,32,32,0,1,1,4294967295
tile_Rainbow,160,352,0,0,32,32,0,1,1,4294967295
tile_Rainbow,160,384,0,0,32,32,0,1,1,4294967295
tile_Rainbow,192,384,0,0,32,32,0,1,1,4294967295
tile_Rainbow,128,352,0,0,32,32,0,1,1,4294967295
tile_Rainbow,96,352,0,0,32,32,0,1,1,4294967295
tile_Rainbow,96,320,0,0,32,32,0,1,1,4294967295
tile_Rainbow,64,320,0,0,32,32,0,1,1,4294967295
tile_Rainbow,32,320,0,0,32,32,0,1,1,4294967295
tile_Rainbow,0,320,0,0,32,32,0,1,1,4294967295
tile_Rainbow,0,352,0,0,32,32,0,1,1,4294967295
tile_Rainbow,0,384,0,0,32,32,0,1,1,4294967295
tile_Rainbow,0,416,0,0,32,32,0,1,1,4294967295
tile_Rainbow,0,448,0,0,32,32,0,1,1,4294967295
tile_Rainbow,0,480,0,0,32,32,0,1,1,4294967295
tile_Rainbow,0,512,0,0,32,32,0,1,1,4294967295
tile_Rainbow,0,544,0,0,32,32,0,1,1,4294967295
tile_Rainbow,0,576,0,0,32,32,0,1,1,4294967295
tile_Rainbow,32,576,0,0,32,32,0,1,1,4294967295
tile_Rainbow,64,576,0,0,32,32,0,1,1,4294967295
tile_Rainbow,96,576,0,0,32,32,0,1,1,4294967295
tile_Rainbow,128,576,0,0,32,32,0,1,1,4294967295
tile_Rainbow,160,576,0,0,32,32,0,1,1,4294967295
tile_Rainbow,192,576,0,0,32,32,0,1,1,4294967295
tile_Rainbow,224,576,0,0,32,32,0,1,1,4294967295
tile_Rainbow,256,576,0,0,32,32,0,1,1,4294967295
tile_Rainbow,288,576,0,0,32,32,0,1,1,4294967295
tile_Rainbow,320,576,0,0,32,32,0,1,1,4294967295
tile_Rainbow,352,576,0,0,32,32,0,1,1,4294967295
tile_Rainbow,384,576,0,0,32,32,0,1,1,4294967295
tile_Rainbow,416,576,0,0,32,32,0,1,1,4294967295
tile_Rainbow,448,576,0,0,32,32,0,1,1,4294967295
tile_Rainbow,480,576,0,0,32,32,0,1,1,4294967295
tile_Rainbow,512,576,0,0,32,32,0,1,1,4294967295
tile_Rainbow,544,576,0,0,32,32,0,1,1,4294967295
tile_Rainbow,576,576,0,0,32,32,0,1,1,4294967295
tile_Rainbow,576,544,0,0,32,32,0,1,1,4294967295
tile_Rainbow,544,544,0,0,32,32,0,1,1,4294967295
tile_Rainbow,512,544,0,0,32,32,0,1,1,4294967295
tile_Rainbow,480,544,0,0,32,32,0,1,1,4294967295
tile_Rainbow,448,544,0,0,32,32,0,1,1,4294967295
tile_Rainbow,416,544,0,0,32,32,0,1,1,4294967295
tile_Rainbow,384,544,0,0,32,32,0,1,1,4294967295
tile_Rainbow,352,544,0,0,32,32,0,1,1,4294967295
tile_Rainbow,320,544,0,0,32,32,0,1,1,4294967295
tile_Rainbow,288,544,0,0,32,32,0,1,1,4294967295
tile_Rainbow,256,544,0,0,32,32,0,1,1,4294967295
tile_Rainbow,224,544,0,0,32,32,0,1,1,4294967295
tile_Rainbow,192,544,0,0,32,32,0,1,1,4294967295
tile_Rainbow,160,544,0,0,32,32,0,1,1,4294967295
tile_Rainbow,128,544,0,0,32,32,0,1,1,4294967295
tile_Rainbow,96,544,0,0,32,32,0,1,1,4294967295
tile_Rainbow,64,544,0,0,32,32,0,1,1,4294967295
tile_Rainbow,32,544,0,0,32,32,0,1,1,4294967295
tile_Rainbow,32,512,0,0,32,32,0,1,1,4294967295
tile_Rainbow,32,480,0,0,32,32,0,1,1,4294967295
tile_Rainbow,32,448,0,0,32,32,0,1,1,4294967295
tile_Rainbow,32,416,0,0,32,32,0,1,1,4294967295
tile_Rainbow,32,384,0,0,32,32,0,1,1,4294967295
tile_Rainbow,32,352,0,0,32,32,0,1,1,4294967295
tile_Rainbow,64,352,0,0,32,32,0,1,1,4294967295
tile_Rainbow,64,384,0,0,32,32,0,1,1,4294967295
tile_Rainbow,64,416,0,0,32,32,0,1,1,4294967295
tile_Rainbow,64,448,0,0,32,32,0,1,1,4294967295
tile_Rainbow,64,480,0,0,32,32,0,1,1,4294967295
tile_Rainbow,64,512,0,0,32,32,0,1,1,4294967295
tile_Rainbow,96,512,0,0,32,32,0,1,1,4294967295
tile_Rainbow,128,512,0,0,32,32,0,1,1,4294967295
tile_Rainbow,160,512,0,0,32,32,0,1,1,4294967295
tile_Rainbow,192,512,0,0,32,32,0,1,1,4294967295
tile_Rainbow,224,512,0,0,32,32,0,1,1,4294967295
tile_Rainbow,256,512,0,0,32,32,0,1,1,4294967295
tile_Rainbow,288,512,0,0,32,32,0,1,1,4294967295
tile_Rainbow,320,512,0,0,32,32,0,1,1,4294967295
tile_Rainbow,352,512,0,0,32,32,0,1,1,4294967295
tile_Rainbow,384,512,0,0,32,32,0,1,1,4294967295
tile_Rainbow,416,512,0,0,32,32,0,1,1,4294967295
tile_Rainbow,448,512,0,0,32,32,0,1,1,4294967295
tile_Rainbow,320,480,0,0,32,32,0,1,1,4294967295
tile_Rainbow,288,480,0,0,32,32,0,1,1,4294967295
tile_Rainbow,256,480,0,0,32,32,0,1,1,4294967295
tile_Rainbow,224,480,0,0,32,32,0,1,1,4294967295
tile_Rainbow,192,480,0,0,32,32,0,1,1,4294967295
tile_Rainbow,160,480,0,0,32,32,0,1,1,4294967295
tile_Rainbow,128,480,0,0,32,32,0,1,1,4294967295
tile_Rainbow,96,480,0,0,32,32,0,1,1,4294967295
tile_Rainbow,96,448,0,0,32,32,0,1,1,4294967295
tile_Rainbow,96,416,0,0,32,32,0,1,1,4294967295
tile_Rainbow,96,384,0,0,32,32,0,1,1,4294967295
tile_Rainbow,128,384,0,0,32,32,0,1,1,4294967295
tile_Rainbow,128,416,0,0,32,32,0,1,1,4294967295
tile_Rainbow,128,448,0,0,32,32,0,1,1,4294967295
tile_Rainbow,192,448,0,0,32,32,0,1,1,4294967295
tile_Rainbow,160,448,0,0,32,32,0,1,1,4294967295
tile_Rainbow,160,416,0,0,32,32,0,1,1,4294967295
tile_Rainbow,192,416,0,0,32,32,0,1,1,4294967295
tile_Rainbow,224,448,0,0,32,32,0,1,1,4294967295
tile_Rainbow,256,448,0,0,32,32,0,1,1,4294967295
tile_Rainbow,288,448,0,0,32,32,0,1,1,4294967295
tile_Rainbow,608,576,0,0,32,32,0,1,1,4294967295
tile_Rainbow,640,576,0,0,32,32,0,1,1,4294967295
