SpikeTrapU,1376,288,2CC507C3,0,1,1,4294967295,0,1
SpikeTrapU,1248,224,04360094,0,1,1,4294967295,0,1
SpikeTrapD,1376,448,6D3D4812,0,1,1,4294967295,0,1
SpikeTrapU,480,320,FA20E596,0,1,1,4294967295,0,1
Warp,1472,480,48F0ECE6,0,1,1,4294967295,0,1
WarpToHub,64,544,EFC68791,0,1,1,4294967295,0,0
Block,0,0,8586377F,0,1,19,4294967295,0,0
Block,224,256,0CF67F2D,0,1,10,4294967295,0,0
Block,224,576,9651B4AE,0,43,1,4294967295,0,0
Block,1248,0,30B6D626,0,1,4,4294967295,0,0
Block,1376,0,E40769EF,0,1,6,4294967295,0,0
Block,1504,0,FDAD5314,0,3,6,4294967295,0,0
Block,1568,192,801A59F9,0,1,12,4294967295,0,0
Block,1408,416,1D0570EE,0,5,1,4294967295,0,0
Block,1376,320,C29893A0,0,1,4,4294967295,0,0
Block,1248,256,312F6E84,0,1,10,4294967295,0,0
Block,768,160,12929E94,0,2,13,4294967295,0,0
Block,832,256,F0C6F706,0,2,6,4294967295,0,0
Block,896,288,E6652CBF,0,1,1,4294967295,0,0
Block,896,320,99908164,0,2,4,4294967295,0,0
Block,960,352,D9721E8C,0,5,2,4294967295,0,0
Block,960,512,2A46A586,0,1,2,4294967295,0,0
Block,1056,544,2D1CB5C5,0,1,1,4294967295,0,0
Block,352,352,41B2AB25,0,10,1,4294967295,0,0
Block,448,384,4BB408BD,0,1,4,4294967295,0,0
Block,544,448,4E84C1CD,0,1,4,4294967295,0,0
SlipBlock,32,320,3B8183BC,0,3,1,4294967295,0,0
SlipBlock,128,448,D735F1B1,0,3,1,4294967295,0,0
SlipBlock,32,576,D49B4D48,0,6,1,4294967295,0,0
ConveyorLeft,384,256,5C29DED8,0,1,1,4294967295,0,0
ConveyorLeft,416,256,9ECA8C21,0,1,1,4294967295,0,0
ConveyorLeft,544,256,A79E342C,0,1,1,4294967295,0,0
ConveyorLeft,576,256,D7DC5809,0,1,1,4294967295,0,0
WallJumpL,224,288,B7375DFF,0,1,1,4294967295,0,0
WallJumpL,224,320,129A22AC,0,1,1,4294967295,0,0
WallJumpL,224,352,0077255A,0,1,1,4294967295,0,0
WallJumpL,224,384,9CB2086C,0,1,1,4294967295,0,0
WallJumpL,224,416,139903E5,0,1,1,4294967295,0,0
WallJumpL,224,448,DE9E148D,0,1,1,4294967295,0,0
WallJumpL,224,480,F159BB06,0,1,1,4294967295,0,0
WallJumpL,224,512,BCFBD089,0,1,1,4294967295,0,0
WallJumpR,768,288,D1C79FD2,0,1,1,4294967295,0,0
WallJumpR,768,320,D703051B,0,1,1,4294967295,0,0
WallJumpR,768,352,527B6533,0,1,1,4294967295,0,0
WallJumpR,768,384,E338B14E,0,1,1,4294967295,0,0
WallJumpR,768,416,2D017796,0,1,1,4294967295,0,0
WallJumpR,768,448,875CE60F,0,1,1,4294967295,0,0
WallJumpR,768,480,16673606,0,1,1,4294967295,0,0
WallJumpR,768,512,2133E343,0,1,1,4294967295,0,0
SpikeU,352,320,04A7B1F5,0,1,1,4294967295,0,0
SpikeU,384,320,E8D7A339,0,1,1,4294967295,0,0
SpikeU,416,320,E3FFD486,0,1,1,4294967295,0,0
SpikeU,448,320,D1368E9A,0,1,1,4294967295,0,0
SpikeU,512,320,60811AEF,0,1,1,4294967295,0,0
SpikeU,544,320,507F6144,0,1,1,4294967295,0,0
SpikeU,576,320,585AB6DB,0,1,1,4294967295,0,0
SpikeU,608,320,AF6930B0,0,1,1,4294967295,0,0
SpikeU,640,320,1F8D103B,0,1,1,4294967295,0,0
SpikeU,544,416,79EF5443,0,1,1,4294967295,0,0
SpikeU,960,480,FDE2AA1D,0,1,1,4294967295,0,0
SpikeU,992,320,E68E56C6,0,1,1,4294967295,0,0
SpikeU,1056,320,C7FCC4CC,0,1,1,4294967295,0,0
SpikeD,1024,416,69BCFAD3,0,1,1,4294967295,0,0
SpikeD,1056,416,2E286E77,0,1,1,4294967295,0,0
SpikeD,448,512,0256C75C,0,1,1,4294967295,0,0
MiniSpikeUp,1024,560,1656BB8B,0,1,1,4294967295,0,0
MiniSpikeUp,1040,560,2B39FF09,0,1,1,4294967295,0,0
MiniSpikeUp,1056,528,4E527862,0,1,1,4294967295,0,0
MiniSpikeUp,1072,528,4ACC9526,0,1,1,4294967295,0,0
MiniSpikeUp,1088,560,73F9061A,0,1,1,4294967295,0,0
MiniSpikeUp,1104,560,4A78DCD9,0,1,1,4294967295,0,0
SpikeR,128,320,6F8441BC,0,1,1,4294967295,0,0
SpikeL,1216,352,33E6CD5F,0,1,1,4294967295,0,0
SpikeL,1216,384,F84A0E00,0,1,1,4294967295,0,0
Signpost,288,544,79375DDF,0,1,1,4294967295,0,1
PushBlock,416,544,C74EE75E,0,1,1,4294967295,0,0
PushBlock,576,544,8A597BF5,0,1,1,4294967295,0,0
SavePointVeryHard,192,544,A0FBC6C1,0,1,1,4294967295,0,0
GravFlip,832,512,CBED0385,0,1,1,4294967295,0,0
GravFlip,864,512,11EF9ECB,0,1,1,4294967295,0,0
GravFlip,864,544,850D0041,0,1,1,4294967295,0,0
GravFlip,832,544,26B680EB,0,1,1,4294967295,0,0
GravFlip,352,384,225672EF,0,1,1,4294967295,0,0
GravFlip,352,416,83875127,0,1,1,4294967295,0,0
GravFlip,352,448,57280F84,0,1,1,4294967295,0,0
GravFlip,352,480,6CF74918,0,1,1,4294967295,0,0
GravFlip,352,512,6C2971D9,0,1,1,4294967295,0,0
GravFlip,352,544,B6E86A1A,0,1,1,4294967295,0,0
GravNormal,640,384,4B3C3548,0,1,1,4294967295,0,0
GravNormal,640,416,719559FF,0,1,1,4294967295,0,0
GravNormal,640,448,35CF84CC,0,1,1,4294967295,0,0
GravNormal,640,480,EDD3C420,0,1,1,4294967295,0,0
GravNormal,640,512,91C7BFBB,0,1,1,4294967295,0,0
GravNormal,640,544,FAEA9547,0,1,1,4294967295,0,0
SavePointHard,832,224,F29CB591,0,1,1,4294967295,0,0
SavePointMedium,736,544,9D73856C,0,1,1,4294967295,0,0
SavePointMedium,864,480,C8D1663F,0,1,1,4294967295,180,0
GravNormal,1504,192,3481A06A,0,1,1,4294967295,0,0
GravNormal,1504,224,8493457D,0,1,1,4294967295,0,0
GravNormal,1536,224,345A77D2,0,1,1,4294967295,0,0
GravNormal,1536,192,8C0F7E70,0,1,1,4294967295,0,0
Cherry,992,224,3348C1B0,0,1,1,4294967295,0,0
Cherry,1088,224,2D94933B,0,1,1,4294967295,0,0
Trigger2,1376,192,02DA91DE,0,1,1,4294967295,0,0
Trigger3,1376,480,F2AC71D8,0,1,3,4294967295,0,0
TriggerFree,480,128,8A170C9D,0,1,3,4294967295,0,1
TriggeredFree,1376,288,C9612217,0,1,1,4294967295,0,1
Triggered3,1376,448,FFFFDD48,0,1,1,4294967295,0,0
SavePointVeryHard,1536,544,C7AC09D1,0,1,1,4294967295,0,0
Triggered2,1248,224,39E9F774,0,1,1,4294967295,0,0
TriggeredFree,480,320,342ED8FA,0,1,1,4294967295,0,1
MusicPlayer,64,384,99407E46,0,1,1,4294967295,0,1
PlayerStart,128,544,FE8BEBE7,0,1,1,4294967295,0,0
