WarpToHub,64,544,000ECBF9,0,1,1,4294967295,0,0
Autotiler,64,32,E883BB22,0,1,1,4294967295,0,1
Block,0,32,003F7A19,0,1,16,4294967295,0,0
Block,-32,576,001A25E1,0,26,1,4294967295,0,0
Block,768,32,00401B8D,0,1,17,4294967295,0,0
Block,0,0,00256BF1,0,25,1,4294967295,0,0
Block,-32,512,345A9C6C,0,1,1,4294967295,0,0
MusicPlayer,32,32,003C2ED2,0,1,1,4294967295,0,1
SavePointVeryHard,96,544,003F0264,0,1,1,4294967295,0,0
OutsideWarp,-32,544,1BF80774,0,1,1,4294967295,0,1
PlayerStart,64,544,96BD2CE7,0,1,1,4294967295,0,0
