tile_IWBTG,0,416,0,32,32,32,0,1,1,4294967295
tile_IWBTG,32,416,0,32,32,32,0,1,1,4294967295
tile_IWBTG,64,416,0,32,32,32,0,1,1,4294967295
tile_IWBTG,96,448,0,32,32,32,0,1,1,4294967295
tile_IWBTG,128,448,0,32,32,32,0,1,1,4294967295
tile_IWBTG,160,448,0,32,32,32,0,1,1,4294967295
tile_IWBTG,192,480,0,32,32,32,0,1,1,4294967295
tile_IWBTG,224,480,0,32,32,32,0,1,1,4294967295
tile_IWBTG,352,480,0,32,32,32,0,1,1,4294967295
tile_IWBTG,384,480,0,32,32,32,0,1,1,4294967295
tile_IWBTG,416,448,0,32,32,32,0,1,1,4294967295
tile_IWBTG,448,416,0,32,32,32,0,1,1,4294967295
tile_IWBTG,480,384,0,32,32,32,0,1,1,4294967295
tile_IWBTG,512,384,0,32,32,32,0,1,1,4294967295
tile_IWBTG,544,352,0,32,32,32,0,1,1,4294967295
tile_IWBTG,576,352,0,32,32,32,0,1,1,4294967295
tile_IWBTG,608,352,0,32,32,32,0,1,1,4294967295
tile_IWBTG,640,352,0,32,32,32,0,1,1,4294967295
tile_IWBTG,672,352,0,32,32,32,0,1,1,4294967295
tile_IWBTG,704,352,0,32,32,32,0,1,1,4294967295
tile_IWBTG,736,352,0,32,32,32,0,1,1,4294967295
tile_IWBTG,768,352,0,32,32,32,0,1,1,4294967295
tile_IWBTG,0,448,32,32,32,32,0,1,1,4294967295
tile_IWBTG,32,448,32,32,32,32,0,1,1,4294967295
tile_IWBTG,64,448,32,32,32,32,0,1,1,4294967295
tile_IWBTG,0,480,32,32,32,32,0,1,1,4294967295
tile_IWBTG,32,480,32,32,32,32,0,1,1,4294967295
tile_IWBTG,64,480,32,32,32,32,0,1,1,4294967295
tile_IWBTG,96,480,32,32,32,32,0,1,1,4294967295
tile_IWBTG,128,480,32,32,32,32,0,1,1,4294967295
tile_IWBTG,160,480,32,32,32,32,0,1,1,4294967295
tile_IWBTG,0,512,32,32,32,32,0,1,1,4294967295
tile_IWBTG,32,512,32,32,32,32,0,1,1,4294967295
tile_IWBTG,64,512,32,32,32,32,0,1,1,4294967295
tile_IWBTG,96,512,32,32,32,32,0,1,1,4294967295
tile_IWBTG,128,512,32,32,32,32,0,1,1,4294967295
tile_IWBTG,160,512,32,32,32,32,0,1,1,4294967295
tile_IWBTG,192,512,32,32,32,32,0,1,1,4294967295
tile_IWBTG,224,512,32,32,32,32,0,1,1,4294967295
tile_IWBTG,0,544,32,32,32,32,0,1,1,4294967295
tile_IWBTG,32,544,32,32,32,32,0,1,1,4294967295
tile_IWBTG,64,544,32,32,32,32,0,1,1,4294967295
tile_IWBTG,96,544,32,32,32,32,0,1,1,4294967295
tile_IWBTG,128,544,32,32,32,32,0,1,1,4294967295
tile_IWBTG,160,544,32,32,32,32,0,1,1,4294967295
tile_IWBTG,192,544,32,32,32,32,0,1,1,4294967295
tile_IWBTG,224,544,32,32,32,32,0,1,1,4294967295
tile_IWBTG,0,576,32,32,32,32,0,1,1,4294967295
tile_IWBTG,32,576,32,32,32,32,0,1,1,4294967295
tile_IWBTG,64,576,32,32,32,32,0,1,1,4294967295
tile_IWBTG,96,576,32,32,32,32,0,1,1,4294967295
tile_IWBTG,128,576,32,32,32,32,0,1,1,4294967295
tile_IWBTG,160,576,32,32,32,32,0,1,1,4294967295
tile_IWBTG,192,576,32,32,32,32,0,1,1,4294967295
tile_IWBTG,224,576,32,32,32,32,0,1,1,4294967295
tile_IWBTG,352,512,32,32,32,32,0,1,1,4294967295
tile_IWBTG,352,544,32,32,32,32,0,1,1,4294967295
tile_IWBTG,352,576,32,32,32,32,0,1,1,4294967295
tile_IWBTG,384,576,32,32,32,32,0,1,1,4294967295
tile_IWBTG,416,576,32,32,32,32,0,1,1,4294967295
tile_IWBTG,448,576,32,32,32,32,0,1,1,4294967295
tile_IWBTG,480,576,32,32,32,32,0,1,1,4294967295
tile_IWBTG,512,576,32,32,32,32,0,1,1,4294967295
tile_IWBTG,544,576,32,32,32,32,0,1,1,4294967295
tile_IWBTG,576,576,32,32,32,32,0,1,1,4294967295
tile_IWBTG,608,576,32,32,32,32,0,1,1,4294967295
tile_IWBTG,640,576,32,32,32,32,0,1,1,4294967295
tile_IWBTG,672,576,32,32,32,32,0,1,1,4294967295
tile_IWBTG,704,576,32,32,32,32,0,1,1,4294967295
tile_IWBTG,736,576,32,32,32,32,0,1,1,4294967295
tile_IWBTG,768,576,32,32,32,32,0,1,1,4294967295
tile_IWBTG,768,544,32,32,32,32,0,1,1,4294967295
tile_IWBTG,768,512,32,32,32,32,0,1,1,4294967295
tile_IWBTG,768,480,32,32,32,32,0,1,1,4294967295
tile_IWBTG,768,448,32,32,32,32,0,1,1,4294967295
tile_IWBTG,768,416,32,32,32,32,0,1,1,4294967295
tile_IWBTG,768,384,32,32,32,32,0,1,1,4294967295
tile_IWBTG,736,384,32,32,32,32,0,1,1,4294967295
tile_IWBTG,704,384,32,32,32,32,0,1,1,4294967295
tile_IWBTG,672,384,32,32,32,32,0,1,1,4294967295
tile_IWBTG,640,384,32,32,32,32,0,1,1,4294967295
tile_IWBTG,608,384,32,32,32,32,0,1,1,4294967295
tile_IWBTG,576,384,32,32,32,32,0,1,1,4294967295
tile_IWBTG,544,384,32,32,32,32,0,1,1,4294967295
tile_IWBTG,544,416,32,32,32,32,0,1,1,4294967295
tile_IWBTG,512,416,32,32,32,32,0,1,1,4294967295
tile_IWBTG,480,416,32,32,32,32,0,1,1,4294967295
tile_IWBTG,480,448,32,32,32,32,0,1,1,4294967295
tile_IWBTG,448,448,32,32,32,32,0,1,1,4294967295
tile_IWBTG,448,480,32,32,32,32,0,1,1,4294967295
tile_IWBTG,416,480,32,32,32,32,0,1,1,4294967295
tile_IWBTG,416,512,32,32,32,32,0,1,1,4294967295
tile_IWBTG,384,512,32,32,32,32,0,1,1,4294967295
tile_IWBTG,384,544,32,32,32,32,0,1,1,4294967295
tile_IWBTG,416,544,32,32,32,32,0,1,1,4294967295
tile_IWBTG,448,544,32,32,32,32,0,1,1,4294967295
tile_IWBTG,448,512,32,32,32,32,0,1,1,4294967295
tile_IWBTG,480,544,32,32,32,32,0,1,1,4294967295
tile_IWBTG,480,512,32,32,32,32,0,1,1,4294967295
tile_IWBTG,480,480,32,32,32,32,0,1,1,4294967295
tile_IWBTG,512,448,32,32,32,32,0,1,1,4294967295
tile_IWBTG,512,480,32,32,32,32,0,1,1,4294967295
tile_IWBTG,512,512,32,32,32,32,0,1,1,4294967295
tile_IWBTG,512,544,32,32,32,32,0,1,1,4294967295
tile_IWBTG,544,544,32,32,32,32,0,1,1,4294967295
tile_IWBTG,544,512,32,32,32,32,0,1,1,4294967295
tile_IWBTG,544,480,32,32,32,32,0,1,1,4294967295
tile_IWBTG,544,448,32,32,32,32,0,1,1,4294967295
tile_IWBTG,576,416,32,32,32,32,0,1,1,4294967295
tile_IWBTG,608,416,32,32,32,32,0,1,1,4294967295
tile_IWBTG,640,416,32,32,32,32,0,1,1,4294967295
tile_IWBTG,672,416,32,32,32,32,0,1,1,4294967295
tile_IWBTG,704,416,32,32,32,32,0,1,1,4294967295
tile_IWBTG,736,416,32,32,32,32,0,1,1,4294967295
tile_IWBTG,736,448,32,32,32,32,0,1,1,4294967295
tile_IWBTG,736,480,32,32,32,32,0,1,1,4294967295
tile_IWBTG,736,512,32,32,32,32,0,1,1,4294967295
tile_IWBTG,736,544,32,32,32,32,0,1,1,4294967295
tile_IWBTG,704,544,32,32,32,32,0,1,1,4294967295
tile_IWBTG,672,544,32,32,32,32,0,1,1,4294967295
tile_IWBTG,640,544,32,32,32,32,0,1,1,4294967295
tile_IWBTG,608,544,32,32,32,32,0,1,1,4294967295
tile_IWBTG,576,544,32,32,32,32,0,1,1,4294967295
tile_IWBTG,576,512,32,32,32,32,0,1,1,4294967295
tile_IWBTG,576,480,32,32,32,32,0,1,1,4294967295
tile_IWBTG,576,448,32,32,32,32,0,1,1,4294967295
tile_IWBTG,608,448,32,32,32,32,0,1,1,4294967295
tile_IWBTG,640,448,32,32,32,32,0,1,1,4294967295
tile_IWBTG,672,448,32,32,32,32,0,1,1,4294967295
tile_IWBTG,704,448,32,32,32,32,0,1,1,4294967295
tile_IWBTG,704,480,32,32,32,32,0,1,1,4294967295
tile_IWBTG,704,512,32,32,32,32,0,1,1,4294967295
tile_IWBTG,672,512,32,32,32,32,0,1,1,4294967295
tile_IWBTG,640,512,32,32,32,32,0,1,1,4294967295
tile_IWBTG,608,512,32,32,32,32,0,1,1,4294967295
tile_IWBTG,608,480,32,32,32,32,0,1,1,4294967295
tile_IWBTG,640,480,32,32,32,32,0,1,1,4294967295
tile_IWBTG,672,480,32,32,32,32,0,1,1,4294967295
tile_Colors,0,224,32,128,32,32,0,1,1,4294967295
tile_Colors,32,224,32,128,32,32,0,1,1,4294967295
tile_Colors,64,224,32,128,32,32,0,1,1,4294967295
tile_Colors,96,224,32,128,32,32,0,1,1,4294967295
tile_Colors,128,224,32,128,32,32,0,1,1,4294967295
tile_Colors,160,224,32,128,32,32,0,1,1,4294967295
tile_Colors,192,224,32,128,32,32,0,1,1,4294967295
tile_Colors,224,224,32,128,32,32,0,1,1,4294967295
tile_Colors,256,224,32,128,32,32,0,1,1,4294967295
tile_Colors,288,224,32,128,32,32,0,1,1,4294967295
tile_Colors,320,224,32,128,32,32,0,1,1,4294967295
tile_Colors,352,224,32,128,32,32,0,1,1,4294967295
tile_Colors,384,224,32,128,32,32,0,1,1,4294967295
tile_Colors,416,224,32,128,32,32,0,1,1,4294967295
tile_Colors,448,224,32,128,32,32,0,1,1,4294967295
tile_Colors,480,224,32,128,32,32,0,1,1,4294967295
tile_Colors,512,224,32,128,32,32,0,1,1,4294967295
tile_Colors,544,224,32,128,32,32,0,1,1,4294967295
tile_Colors,576,224,32,128,32,32,0,1,1,4294967295
tile_Colors,608,224,32,128,32,32,0,1,1,4294967295
tile_Colors,640,224,32,128,32,32,0,1,1,4294967295
tile_Colors,672,224,32,128,32,32,0,1,1,4294967295
tile_Colors,704,224,32,128,32,32,0,1,1,4294967295
tile_Colors,736,224,32,128,32,32,0,1,1,4294967295
tile_Colors,768,224,32,128,32,32,0,1,1,4294967295
tile_Colors,0,256,32,96,32,32,0,1,1,4294967295
tile_Colors,32,256,32,96,32,32,0,1,1,4294967295
tile_Colors,64,256,32,96,32,32,0,1,1,4294967295
tile_Colors,96,256,32,96,32,32,0,1,1,4294967295
tile_Colors,128,256,32,96,32,32,0,1,1,4294967295
tile_Colors,160,256,32,96,32,32,0,1,1,4294967295
tile_Colors,192,256,32,96,32,32,0,1,1,4294967295
tile_Colors,224,256,32,96,32,32,0,1,1,4294967295
tile_Colors,256,256,32,96,32,32,0,1,1,4294967295
tile_Colors,288,256,32,96,32,32,0,1,1,4294967295
tile_Colors,320,256,32,96,32,32,0,1,1,4294967295
tile_Colors,352,256,32,96,32,32,0,1,1,4294967295
tile_Colors,384,256,32,96,32,32,0,1,1,4294967295
tile_Colors,416,256,32,96,32,32,0,1,1,4294967295
tile_Colors,448,256,32,96,32,32,0,1,1,4294967295
tile_Colors,480,256,32,96,32,32,0,1,1,4294967295
tile_Colors,512,256,32,96,32,32,0,1,1,4294967295
tile_Colors,544,256,32,96,32,32,0,1,1,4294967295
tile_Colors,576,256,32,96,32,32,0,1,1,4294967295
tile_Colors,608,256,32,96,32,32,0,1,1,4294967295
tile_Colors,640,256,32,96,32,32,0,1,1,4294967295
tile_Colors,672,256,32,96,32,32,0,1,1,4294967295
tile_Colors,704,256,32,96,32,32,0,1,1,4294967295
tile_Colors,736,256,32,96,32,32,0,1,1,4294967295
tile_Colors,768,256,32,96,32,32,0,1,1,4294967295
tile_Colors,0,192,0,160,32,32,0,1,1,4294967295
tile_Colors,32,192,0,160,32,32,0,1,1,4294967295
tile_Colors,64,192,0,160,32,32,0,1,1,4294967295
tile_Colors,96,192,0,160,32,32,0,1,1,4294967295
tile_Colors,128,192,0,160,32,32,0,1,1,4294967295
tile_Colors,160,192,0,160,32,32,0,1,1,4294967295
tile_Colors,192,192,0,160,32,32,0,1,1,4294967295
tile_Colors,224,192,0,160,32,32,0,1,1,4294967295
tile_Colors,256,192,0,160,32,32,0,1,1,4294967295
tile_Colors,288,192,0,160,32,32,0,1,1,4294967295
tile_Colors,320,192,0,160,32,32,0,1,1,4294967295
tile_Colors,352,192,0,160,32,32,0,1,1,4294967295
tile_Colors,384,192,0,160,32,32,0,1,1,4294967295
tile_Colors,416,192,0,160,32,32,0,1,1,4294967295
tile_Colors,448,192,0,160,32,32,0,1,1,4294967295
tile_Colors,480,192,0,160,32,32,0,1,1,4294967295
tile_Colors,512,192,0,160,32,32,0,1,1,4294967295
tile_Colors,544,192,0,160,32,32,0,1,1,4294967295
tile_Colors,576,192,0,160,32,32,0,1,1,4294967295
tile_Colors,608,192,0,160,32,32,0,1,1,4294967295
tile_Colors,640,192,0,160,32,32,0,1,1,4294967295
tile_Colors,672,192,0,160,32,32,0,1,1,4294967295
tile_Colors,704,192,0,160,32,32,0,1,1,4294967295
tile_Colors,736,192,0,160,32,32,0,1,1,4294967295
tile_Colors,768,192,0,160,32,32,0,1,1,4294967295
tile_Colors,256,416,64,96,32,32,0,1,1,4294967295
tile_Colors,160,384,64,96,32,32,0,1,1,4294967295
tile_Colors,192,384,64,96,32,32,0,1,1,4294967295
tile_Colors,224,384,64,96,32,32,0,1,1,4294967295
tile_Colors,256,448,64,96,32,32,0,1,1,4294967295
tile_Colors,0,288,32,96,32,32,0,1,1,4294967295
tile_Colors,32,288,32,96,32,32,0,1,1,4294967295
tile_Colors,64,288,32,96,32,32,0,1,1,4294967295
tile_Colors,96,288,32,96,32,32,0,1,1,4294967295
tile_Colors,128,288,32,96,32,32,0,1,1,4294967295
tile_Colors,160,288,32,96,32,32,0,1,1,4294967295
tile_Colors,192,288,32,96,32,32,0,1,1,4294967295
tile_Colors,224,288,32,96,32,32,0,1,1,4294967295
tile_Colors,256,288,32,96,32,32,0,1,1,4294967295
tile_Colors,288,288,32,96,32,32,0,1,1,4294967295
tile_Colors,320,288,32,96,32,32,0,1,1,4294967295
tile_Colors,352,288,32,96,32,32,0,1,1,4294967295
tile_Colors,384,288,32,96,32,32,0,1,1,4294967295
tile_Colors,416,288,32,96,32,32,0,1,1,4294967295
tile_Colors,448,288,32,96,32,32,0,1,1,4294967295
tile_Colors,480,288,32,96,32,32,0,1,1,4294967295
tile_Colors,512,288,32,96,32,32,0,1,1,4294967295
tile_Colors,544,288,32,96,32,32,0,1,1,4294967295
tile_Colors,576,288,32,96,32,32,0,1,1,4294967295
tile_Colors,608,288,32,96,32,32,0,1,1,4294967295
tile_Colors,640,288,32,96,32,32,0,1,1,4294967295
tile_Colors,672,288,32,96,32,32,0,1,1,4294967295
tile_Colors,704,288,32,96,32,32,0,1,1,4294967295
tile_Colors,736,288,32,96,32,32,0,1,1,4294967295
tile_Colors,768,288,32,96,32,32,0,1,1,4294967295
tile_Colors,768,320,32,96,32,32,0,1,1,4294967295
tile_Colors,736,320,32,96,32,32,0,1,1,4294967295
tile_Colors,704,320,32,96,32,32,0,1,1,4294967295
tile_Colors,672,320,32,96,32,32,0,1,1,4294967295
tile_Colors,640,320,32,96,32,32,0,1,1,4294967295
tile_Colors,608,320,32,96,32,32,0,1,1,4294967295
tile_Colors,576,320,32,96,32,32,0,1,1,4294967295
tile_Colors,544,320,32,96,32,32,0,1,1,4294967295
tile_Colors,512,320,32,96,32,32,0,1,1,4294967295
tile_Colors,480,320,32,96,32,32,0,1,1,4294967295
tile_Colors,448,320,32,96,32,32,0,1,1,4294967295
tile_Colors,416,320,32,96,32,32,0,1,1,4294967295
tile_Colors,384,320,32,96,32,32,0,1,1,4294967295
tile_Colors,352,320,32,96,32,32,0,1,1,4294967295
tile_Colors,320,320,32,96,32,32,0,1,1,4294967295
tile_Colors,288,320,32,96,32,32,0,1,1,4294967295
tile_Colors,256,320,32,96,32,32,0,1,1,4294967295
tile_Colors,224,320,32,96,32,32,0,1,1,4294967295
tile_Colors,192,320,32,96,32,32,0,1,1,4294967295
tile_Colors,160,320,32,96,32,32,0,1,1,4294967295
tile_Colors,128,320,32,96,32,32,0,1,1,4294967295
tile_Colors,96,320,32,96,32,32,0,1,1,4294967295
tile_Colors,64,320,32,96,32,32,0,1,1,4294967295
tile_Colors,32,320,32,96,32,32,0,1,1,4294967295
tile_Colors,0,320,32,96,32,32,0,1,1,4294967295
tile_Colors,0,352,32,96,32,32,0,1,1,4294967295
tile_Colors,0,384,32,96,32,32,0,1,1,4294967295
tile_Colors,32,384,32,96,32,32,0,1,1,4294967295
tile_Colors,64,384,32,96,32,32,0,1,1,4294967295
tile_Colors,96,384,32,96,32,32,0,1,1,4294967295
tile_Colors,128,352,32,96,32,32,0,1,1,4294967295
tile_Colors,96,352,32,96,32,32,0,1,1,4294967295
tile_Colors,64,352,32,96,32,32,0,1,1,4294967295
tile_Colors,32,352,32,96,32,32,0,1,1,4294967295
tile_Colors,160,352,32,96,32,32,0,1,1,4294967295
tile_Colors,192,352,32,96,32,32,0,1,1,4294967295
tile_Colors,224,352,32,96,32,32,0,1,1,4294967295
tile_Colors,256,352,32,96,32,32,0,1,1,4294967295
tile_Colors,288,352,32,96,32,32,0,1,1,4294967295
tile_Colors,320,352,32,96,32,32,0,1,1,4294967295
tile_Colors,352,352,32,96,32,32,0,1,1,4294967295
tile_Colors,384,352,32,96,32,32,0,1,1,4294967295
tile_Colors,416,352,32,96,32,32,0,1,1,4294967295
tile_Colors,448,352,32,96,32,32,0,1,1,4294967295
tile_Colors,480,352,32,96,32,32,0,1,1,4294967295
tile_Colors,512,352,32,96,32,32,0,1,1,4294967295
tile_Colors,448,384,32,96,32,32,0,1,1,4294967295
tile_Colors,416,384,32,96,32,32,0,1,1,4294967295
tile_Colors,384,384,32,96,32,32,0,1,1,4294967295
tile_Colors,352,384,32,96,32,32,0,1,1,4294967295
tile_Colors,320,384,32,96,32,32,0,1,1,4294967295
tile_Colors,320,416,32,96,32,32,0,1,1,4294967295
tile_Colors,352,416,32,96,32,32,0,1,1,4294967295
tile_Colors,384,416,32,96,32,32,0,1,1,4294967295
tile_Colors,416,416,32,96,32,32,0,1,1,4294967295
tile_Colors,384,448,32,96,32,32,0,1,1,4294967295
tile_Colors,352,448,32,96,32,32,0,1,1,4294967295
tile_Colors,320,448,32,96,32,32,0,1,1,4294967295
tile_Colors,96,416,32,96,32,32,0,1,1,4294967295
tile_Colors,256,512,32,96,32,32,0,1,1,4294967295
tile_Colors,256,544,32,96,32,32,0,1,1,4294967295
tile_Colors,256,576,32,96,32,32,0,1,1,4294967295
tile_Colors,288,576,32,96,32,32,0,1,1,4294967295
tile_Colors,288,544,32,96,32,32,0,1,1,4294967295
tile_Colors,288,512,32,96,32,32,0,1,1,4294967295
tile_Colors,320,480,32,96,32,32,0,1,1,4294967295
tile_Colors,320,512,32,96,32,32,0,1,1,4294967295
tile_Colors,320,544,32,96,32,32,0,1,1,4294967295
tile_Colors,320,576,32,96,32,32,0,1,1,4294967295
tile_Colors,256,384,64,96,32,32,0,1,1,4294967295
tile_Colors,288,384,32,96,32,32,0,1,1,4294967295
tile_Colors,288,448,32,96,32,32,0,1,1,4294967295
tile_Colors,288,416,32,96,32,32,0,1,1,4294967295
tile_Colors,288,480,32,96,32,32,0,1,1,4294967295
tile_Colors,256,480,64,96,32,32,0,1,1,4294967295
tile_Colors,128,384,32,96,32,32,0,1,1,4294967295
tile_Colors,128,416,32,96,32,32,0,1,1,4294967295
tile_Colors,160,416,64,96,32,32,0,1,1,4294967295
tile_Colors,192,416,64,32,32,32,0,1,1,4294967295
tile_Colors,192,448,64,32,32,32,0,1,1,4294967295
tile_Colors,224,448,64,32,32,32,0,1,1,4294967295
tile_Colors,224,416,64,32,32,32,0,1,1,4294967295
tile_Colors,768,96,192,192,32,32,0,1,1,4294967295
tile_Colors,736,96,192,192,32,32,0,1,1,4294967295
tile_Colors,704,96,192,192,32,32,0,1,1,4294967295
tile_Colors,672,96,192,192,32,32,0,1,1,4294967295
tile_Colors,640,96,192,192,32,32,0,1,1,4294967295
tile_Colors,608,96,192,192,32,32,0,1,1,4294967295
tile_Colors,576,96,192,192,32,32,0,1,1,4294967295
tile_Colors,544,96,192,192,32,32,0,1,1,4294967295
tile_Colors,512,96,192,192,32,32,0,1,1,4294967295
tile_Colors,480,96,192,192,32,32,0,1,1,4294967295
tile_Colors,448,96,192,192,32,32,0,1,1,4294967295
tile_Colors,416,96,192,192,32,32,0,1,1,4294967295
tile_Colors,384,96,192,192,32,32,0,1,1,4294967295
tile_Colors,352,96,192,192,32,32,0,1,1,4294967295
tile_Colors,320,96,192,192,32,32,0,1,1,4294967295
tile_Colors,288,96,192,192,32,32,0,1,1,4294967295
tile_Colors,256,96,192,192,32,32,0,1,1,4294967295
tile_Colors,224,96,192,192,32,32,0,1,1,4294967295
tile_Colors,192,96,192,192,32,32,0,1,1,4294967295
tile_Colors,160,96,192,192,32,32,0,1,1,4294967295
tile_Colors,128,96,192,192,32,32,0,1,1,4294967295
tile_Colors,96,96,192,192,32,32,0,1,1,4294967295
tile_Colors,64,96,192,192,32,32,0,1,1,4294967295
tile_Colors,32,96,192,192,32,32,0,1,1,4294967295
tile_Colors,0,96,192,192,32,32,0,1,1,4294967295
tile_Colors,0,160,224,192,32,32,0,1,1,4294967295
tile_Colors,32,160,224,192,32,32,0,1,1,4294967295
tile_Colors,64,160,224,192,32,32,0,1,1,4294967295
tile_Colors,96,160,224,192,32,32,0,1,1,4294967295
tile_Colors,128,160,224,192,32,32,0,1,1,4294967295
tile_Colors,160,160,224,192,32,32,0,1,1,4294967295
tile_Colors,192,160,224,192,32,32,0,1,1,4294967295
tile_Colors,224,160,224,192,32,32,0,1,1,4294967295
tile_Colors,256,160,224,192,32,32,0,1,1,4294967295
tile_Colors,288,160,224,192,32,32,0,1,1,4294967295
tile_Colors,320,160,224,192,32,32,0,1,1,4294967295
tile_Colors,352,160,224,192,32,32,0,1,1,4294967295
tile_Colors,384,160,224,192,32,32,0,1,1,4294967295
tile_Colors,416,160,224,192,32,32,0,1,1,4294967295
tile_Colors,448,160,224,192,32,32,0,1,1,4294967295
tile_Colors,480,160,224,192,32,32,0,1,1,4294967295
tile_Colors,512,160,224,192,32,32,0,1,1,4294967295
tile_Colors,544,160,224,192,32,32,0,1,1,4294967295
tile_Colors,576,160,224,192,32,32,0,1,1,4294967295
tile_Colors,608,160,224,192,32,32,0,1,1,4294967295
tile_Colors,640,160,224,192,32,32,0,1,1,4294967295
tile_Colors,672,160,224,192,32,32,0,1,1,4294967295
tile_Colors,704,160,224,192,32,32,0,1,1,4294967295
tile_Colors,736,160,224,192,32,32,0,1,1,4294967295
tile_Colors,768,160,224,192,32,32,0,1,1,4294967295
tile_Colors,0,128,224,192,32,32,0,1,1,4294967295
tile_Colors,32,128,224,192,32,32,0,1,1,4294967295
tile_Colors,64,128,224,192,32,32,0,1,1,4294967295
tile_Colors,96,128,224,192,32,32,0,1,1,4294967295
tile_Colors,128,128,224,192,32,32,0,1,1,4294967295
tile_Colors,160,128,224,192,32,32,0,1,1,4294967295
tile_Colors,192,128,224,192,32,32,0,1,1,4294967295
tile_Colors,256,128,224,192,32,32,0,1,1,4294967295
tile_Colors,288,128,224,192,32,32,0,1,1,4294967295
tile_Colors,320,128,224,192,32,32,0,1,1,4294967295
tile_Colors,352,128,224,192,32,32,0,1,1,4294967295
tile_Colors,384,128,224,192,32,32,0,1,1,4294967295
tile_Colors,416,128,224,192,32,32,0,1,1,4294967295
tile_Colors,448,128,224,192,32,32,0,1,1,4294967295
tile_Colors,480,128,224,192,32,32,0,1,1,4294967295
tile_Colors,512,128,224,192,32,32,0,1,1,4294967295
tile_Colors,544,128,224,192,32,32,0,1,1,4294967295
tile_Colors,576,128,224,192,32,32,0,1,1,4294967295
tile_Colors,608,128,224,192,32,32,0,1,1,4294967295
tile_Colors,640,128,224,192,32,32,0,1,1,4294967295
tile_Colors,672,128,224,192,32,32,0,1,1,4294967295
tile_Colors,704,128,224,192,32,32,0,1,1,4294967295
tile_Colors,736,128,224,192,32,32,0,1,1,4294967295
tile_Colors,768,128,224,192,32,32,0,1,1,4294967295
tile_Colors,224,128,224,192,32,32,0,1,1,4294967295
tile_Colors,0,64,192,192,32,32,0,1,1,4294967295
tile_Colors,32,64,192,192,32,32,0,1,1,4294967295
tile_Colors,64,64,192,192,32,32,0,1,1,4294967295
tile_Colors,96,64,192,192,32,32,0,1,1,4294967295
tile_Colors,128,64,192,192,32,32,0,1,1,4294967295
tile_Colors,160,64,192,192,32,32,0,1,1,4294967295
tile_Colors,192,64,192,192,32,32,0,1,1,4294967295
tile_Colors,224,64,192,192,32,32,0,1,1,4294967295
tile_Colors,256,64,192,192,32,32,0,1,1,4294967295
tile_Colors,288,64,192,192,32,32,0,1,1,4294967295
tile_Colors,320,64,192,192,32,32,0,1,1,4294967295
tile_Colors,352,64,192,192,32,32,0,1,1,4294967295
tile_Colors,384,64,192,192,32,32,0,1,1,4294967295
tile_Colors,416,64,192,192,32,32,0,1,1,4294967295
tile_Colors,448,64,192,192,32,32,0,1,1,4294967295
tile_Colors,480,64,192,192,32,32,0,1,1,4294967295
tile_Colors,512,64,192,192,32,32,0,1,1,4294967295
tile_Colors,544,64,192,192,32,32,0,1,1,4294967295
tile_Colors,576,64,192,192,32,32,0,1,1,4294967295
tile_Colors,608,64,192,192,32,32,0,1,1,4294967295
tile_Colors,640,64,192,192,32,32,0,1,1,4294967295
tile_Colors,672,64,192,192,32,32,0,1,1,4294967295
tile_Colors,704,64,192,192,32,32,0,1,1,4294967295
tile_Colors,736,64,192,192,32,32,0,1,1,4294967295
tile_Colors,768,64,192,192,32,32,0,1,1,4294967295
