SpikeTrapU,1120,320,956DD8C3,0,1,1,4294967295,0,1
SpikeTrapU,1152,320,DCD2DD09,0,1,1,4294967295,0,1
SpikeTrapD,672,288,5C886B72,0,1,1,4294967295,0,1
SpikeTrapD,704,288,859B9949,0,1,1,4294967295,0,1
Warp,608,128,CD227257,0,1,1,4294967295,0,1
WarpToHub,928,192,EED02BF6,0,1,1,4294967295,0,0
Block,768,0,A5733615,0,11,1,4294967295,0,0
Block,768,32,24D4433F,0,2,9,4294967295,0,0
Block,768,320,F9D95C41,0,4,1,4294967295,0,0
Block,768,352,70BA5D6C,0,2,1,4294967295,0,0
Block,576,256,64C0FB28,0,5,1,4294967295,0,0
Block,576,288,2C72804C,0,3,2,4294967295,0,0
Block,576,384,DCB5E1AD,0,3,3,4294967295,0,0
Block,768,416,16962BED,0,2,2,4294967295,0,0
Block,736,384,FB3C74CE,0,3,1,4294967295,0,0
Block,800,576,E2549E19,0,25,1,4294967295,0,0
Block,800,544,9AC0EAE5,0,1,1,4294967295,0,0
Block,960,448,CDC5DE08,0,1,2,4294967295,0,0
Block,1568,416,3A64F73F,0,1,5,4294967295,0,0
Block,1568,32,01CA673B,0,1,11,4294967295,0,0
Block,1216,0,BC506A92,0,12,1,4294967295,0,0
Block,928,224,3DDB4CA5,0,2,1,4294967295,0,0
Block,960,256,0A847C2C,0,5,1,4294967295,0,0
Block,1088,224,8BC6044F,0,2,1,4294967295,0,0
Block,1184,224,48F2FCBC,0,2,1,4294967295,0,0
Block,1216,256,98876BF0,0,5,1,4294967295,0,0
Block,1344,224,F16B6009,0,2,1,4294967295,0,0
Block,1408,384,42E052A2,0,6,1,4294967295,0,0
Block,1120,320,CDFF83A1,0,2,1,4294967295,0,0
Block,1120,96,4B091E32,0,3,1,4294967295,0,0
Block,576,224,DFBE42EC,0,1,1,4294967295,0,0
Block,352,352,1B9A670E,0,10,1,4294967295,0,0
Block,512,448,80B623CB,0,1,2,4294967295,0,0
Block,256,512,34DBB0DC,0,23,1,4294967295,0,0
Block,256,192,2686D75D,0,1,10,4294967295,0,0
Block,1216,448,5C0CBC80,0,1,3,4294967295,0,0
Block,1088,-32,25F7DA2E,0,1,1,4294967295,0,0
Block,1216,-32,D08FA451,0,1,1,4294967295,0,0
SpikeD,1408,32,21F7AB6D,0,1,1,4294967295,0,0
SpikeD,1440,32,E0FD2E0A,0,1,1,4294967295,0,0
SpikeD,1472,32,6FA0DAFF,0,1,1,4294967295,0,0
SpikeD,1504,32,3FF3F16B,0,1,1,4294967295,0,0
SpikeD,1536,32,D2426411,0,1,1,4294967295,0,0
SpikeU,992,224,64DDA952,0,1,1,4294967295,0,0
SpikeU,1024,224,E246E221,0,1,1,4294967295,0,0
SpikeU,1056,224,5530343B,0,1,1,4294967295,0,0
SpikeU,1248,224,7BFDD218,0,1,1,4294967295,0,0
SpikeU,1280,224,07FB5B68,0,1,1,4294967295,0,0
SpikeU,1312,224,76FFF85F,0,1,1,4294967295,0,0
SpikeU,1408,352,9A661EC2,0,1,1,4294967295,0,0
SpikeU,1440,352,16A1C3E5,0,1,1,4294967295,0,0
SpikeU,1472,352,46C91453,0,1,1,4294967295,0,0
SpikeU,1504,352,41B9DB2D,0,1,1,4294967295,0,0
SpikeU,1536,352,61FD3E33,0,1,1,4294967295,0,0
SpikeU,832,544,5C407CD3,0,1,1,4294967295,0,0
SpikeU,864,544,126DB8AD,0,1,1,4294967295,0,0
SpikeU,896,544,25B4D123,0,1,1,4294967295,0,0
SpikeU,928,544,731F23E2,0,1,1,4294967295,0,0
SpikeU,960,544,B1CACD46,0,1,1,4294967295,0,0
SpikeU,992,544,838F3D3C,0,1,1,4294967295,0,0
SpikeU,1024,544,B345CAD6,0,1,1,4294967295,0,0
SpikeU,1056,544,DE9990C1,0,1,1,4294967295,0,0
SpikeU,1088,544,8956F045,0,1,1,4294967295,0,0
SpikeU,1120,544,E7895977,0,1,1,4294967295,0,0
SpikeU,1152,544,57E1F17E,0,1,1,4294967295,0,0
SpikeU,1184,544,C5DD3713,0,1,1,4294967295,0,0
SpikeU,1216,544,C23BF6D4,0,1,1,4294967295,0,0
SpikeU,1248,544,0E6B1303,0,1,1,4294967295,0,0
SpikeU,1280,544,2B35584B,0,1,1,4294967295,0,0
SpikeU,1312,544,C1FFAC69,0,1,1,4294967295,0,0
SpikeU,1344,544,4AD81B08,0,1,1,4294967295,0,0
SpikeU,1376,544,B1C573E5,0,1,1,4294967295,0,0
SpikeU,1408,544,38DC4B75,0,1,1,4294967295,0,0
SpikeU,1440,544,B0B6A5D4,0,1,1,4294967295,0,0
SpikeU,1472,544,8BD84383,0,1,1,4294967295,0,0
SpikeU,1504,544,2BFE45B2,0,1,1,4294967295,0,0
SpikeU,1536,544,01D99EFC,0,1,1,4294967295,0,0
SpikeR,1408,224,C4FAEE9B,0,1,1,4294967295,0,0
SpikeR,1376,256,400C3B72,0,1,1,4294967295,0,0
SpikeR,992,448,9F9BA4A4,0,1,1,4294967295,0,0
SpikeL,1184,448,C17BC1BA,0,1,1,4294967295,0,0
Trigger1,1120,256,C0EC924E,0,2,1,4294967295,0,0
Triggered1,1131,329,2A1EB2C5,0,1.34375,0.5,4294967295,0,0
SavePointHard,832,192,B9010D05,0,1,1,4294967295,0,0
SavePointVeryHard,832,448,D6EF72F8,0,1,1,4294967295,0,0
PushBlock,352,384,E28444D9,0,1,1,4294967295,0,0
PushBlock,352,416,AFFFEA41,0,1,1,4294967295,0,0
PushBlock,352,448,AD2F3086,0,1,1,4294967295,0,0
PushBlock,352,480,D3AF5EB3,0,1,1,4294967295,0,0
YokuBlock,736,256,ACE0BC67,0,1,1,4294967295,0,0
Trigger3,704,480,20677A0C,0,2,1,4294967295,0,0
Triggered3,677,294,D4AA37BA,0,1.5625,0.40625,4294967295,0,0
SavePointVeryHard,672,224,FF56D816,0,1,1,4294967295,0,0
LiftBlock,1472,192,15E9578A,0,1,1,4294967295,0,1
Ladder,1088,96,03B30D5B,0,1,1,4294967295,0,0
Ladder,1088,128,14614123,0,1,1,4294967295,0,0
Ladder,1088,160,99026F80,0,1,1,4294967295,0,0
Ladder,1088,192,941BCEAA,0,1,1,4294967295,0,0
YokuBlock,1408,416,80A75624,0,1,1,4294967295,0,0
YokuBlock,1408,448,F8206736,0,1,1,4294967295,0,0
YokuBlock,1376,448,E0FDF89E,0,1,1,4294967295,0,0
YokuBlock,1344,448,4053939B,0,1,1,4294967295,0,0
YokuBlock,1312,448,5C70FBED,0,1,1,4294967295,0,0
YokuBlock,1280,448,C706C5E6,0,1,1,4294967295,0,0
YokuBlock,1248,448,C987C659,0,1,1,4294967295,0,0
LiftBlock,1088,448,75EB2F67,0,1,1,4294967295,0,1
YokuBlock,1184,256,7057F1EA,0,1,1,4294967295,0,0
FakeBlock,1184,288,34A67123,0,1,1,4294967295,0,0
FakeBlock,1088,288,8396F9F9,0,1,1,4294967295,0,0
Cherry,864,288,3D76FAA1,0,1,1,4294967295,0,0
OutsideWarp,1120,-32,02A407E7,0,3,1,4294967295,0,1
MusicPlayer,864,64,D1C775B1,0,1,1,4294967295,0,1
BulletBlock,960,192,8CCC811C,0,1,1,4294967295,0,0
Platform,832,224,A81460CB,0,3,1,4294967295,0,1
PlayerStart,896,192,127FF6B6,0,1,1,4294967295,0,0
