tile_Rainbow,7648,224,32,96,32,32,0,1,1,4294967295
tile_Rainbow,7616,224,32,96,32,32,0,1,1,4294967295
tile_Rainbow,7584,224,32,96,32,32,0,1,1,4294967295
tile_Rainbow,7552,224,32,96,32,32,0,1,1,4294967295
tile_Rainbow,7424,448,32,96,32,32,0,1,1,4294967295
tile_Rainbow,7424,416,32,96,32,32,0,1,1,4294967295
tile_Rainbow,7424,384,32,96,32,32,0,1,1,4294967295
tile_Rainbow,7424,352,32,96,32,32,0,1,1,4294967295
tile_Rainbow,7424,320,32,96,32,32,0,1,1,4294967295
tile_Rainbow,7424,288,32,96,32,32,0,1,1,4294967295
tile_Rainbow,7424,256,32,96,32,32,0,1,1,4294967295
tile_Rainbow,7424,224,32,96,32,32,0,1,1,4294967295
tile_Rainbow,7424,192,32,96,32,32,0,1,1,4294967295
tile_Rainbow,7424,160,32,96,32,32,0,1,1,4294967295
tile_Rainbow,7424,128,32,96,32,32,0,1,1,4294967295
tile_Rainbow,7424,96,32,96,32,32,0,1,1,4294967295
tile_Rainbow,7392,96,32,96,32,32,0,1,1,4294967295
tile_Rainbow,7360,96,32,96,32,32,0,1,1,4294967295
tile_Rainbow,7328,96,32,96,32,32,0,1,1,4294967295
tile_Rainbow,7296,96,32,96,32,32,0,1,1,4294967295
tile_Rainbow,7264,96,32,96,32,32,0,1,1,4294967295
tile_Colors,7680,32,224,224,32,32,0,9,17,4291231870
