tile_Colors,144,192,96,128,32,32,0,1,1,4294967295
tile_Colors,144,224,96,128,32,32,0,1,1,4294967295
tile_Colors,144,256,96,128,32,32,0,1,1,4294967295
tile_Colors,176,256,96,128,32,32,0,1,1,4294967295
tile_Colors,176,224,96,128,32,32,0,1,1,4294967295
tile_Colors,176,192,96,128,32,32,0,1,1,4294967295
tile_Colors,176,288,96,128,32,32,0,1,1,4294967295
tile_Colors,176,320,96,128,32,32,0,1,1,4294967295
tile_Colors,208,256,96,128,32,32,0,1,1,4294967295
tile_Colors,240,256,96,128,32,32,0,1,1,4294967295
tile_Colors,240,224,96,128,32,32,0,1,1,4294967295
tile_Colors,240,192,96,128,32,32,0,1,1,4294967295
tile_Colors,272,192,96,128,32,32,0,1,1,4294967295
tile_Colors,304,192,96,128,32,32,0,1,1,4294967295
tile_Colors,304,160,96,128,32,32,0,1,1,4294967295
tile_Colors,336,160,96,128,32,32,0,1,1,4294967295
tile_Colors,368,160,96,128,32,32,0,1,1,4294967295
tile_Colors,400,160,96,128,32,32,0,1,1,4294967295
tile_Colors,432,160,96,128,32,32,0,1,1,4294967295
tile_Colors,464,160,96,128,32,32,0,1,1,4294967295
tile_Colors,400,128,96,128,32,32,0,1,1,4294967295
tile_Colors,368,128,96,128,32,32,0,1,1,4294967295
tile_Colors,304,96,96,128,32,32,0,1,1,4294967295
tile_Colors,336,96,96,128,32,32,0,1,1,4294967295
tile_Colors,368,96,96,128,32,32,0,1,1,4294967295
tile_Colors,400,96,96,128,32,32,0,1,1,4294967295
tile_Colors,432,96,96,128,32,32,0,1,1,4294967295
tile_Colors,464,96,96,128,32,32,0,1,1,4294967295
tile_Colors,496,192,96,128,32,32,0,1,1,4294967295
tile_Colors,528,224,96,128,32,32,0,1,1,4294967295
tile_Colors,560,224,96,128,32,32,0,1,1,4294967295
tile_Colors,592,192,96,128,32,32,0,1,1,4294967295
tile_Colors,624,192,96,128,32,32,0,1,1,4294967295
tile_Colors,624,352,96,128,32,32,0,1,1,4294967295
tile_Colors,592,352,96,128,32,32,0,1,1,4294967295
tile_Colors,528,320,96,128,32,32,0,1,1,4294967295
tile_Colors,496,384,96,128,32,32,0,1,1,4294967295
tile_Colors,464,384,96,128,32,32,0,1,1,4294967295
tile_Colors,432,384,96,128,32,32,0,1,1,4294967295
tile_Colors,400,384,96,128,32,32,0,1,1,4294967295
tile_Colors,368,384,96,128,32,32,0,1,1,4294967295
tile_Colors,336,384,96,128,32,32,0,1,1,4294967295
tile_Colors,336,352,96,128,32,32,0,1,1,4294967295
tile_Colors,304,352,96,128,32,32,0,1,1,4294967295
tile_Colors,304,320,96,128,32,32,0,1,1,4294967295
tile_Colors,272,320,96,128,32,32,0,1,1,4294967295
tile_Colors,240,320,96,128,32,32,0,1,1,4294967295
tile_Colors,240,288,96,128,32,32,0,1,1,4294967295
tile_Colors,464,192,96,128,32,32,0,1,1,4294967295
tile_Colors,496,224,96,128,32,32,0,1,1,4294967295
tile_Colors,560,192,96,128,32,32,0,1,1,4294967295
tile_Colors,624,224,96,128,32,32,0,1,1,4294967295
tile_Colors,624,256,96,128,32,32,0,1,1,4294967295
tile_Colors,624,288,96,128,32,32,0,1,1,4294967295
tile_Colors,624,320,96,128,32,32,0,1,1,4294967295
tile_Colors,560,352,96,128,32,32,0,1,1,4294967295
tile_Colors,496,320,96,128,32,32,0,1,1,4294967295
tile_Colors,496,352,96,128,32,32,0,1,1,4294967295
tile_Colors,560,320,96,128,32,32,0,1,1,4294967295
