Block,0,0,002088A0,0,1,1,4294967295,0,0
Block,0,32,0022E9E4,0,1,1,4294967295,0,0
Block,0,64,00256444,0,1,1,4294967295,0,0
Block,0,96,003FB0C3,0,1,1,4294967295,0,0
Block,0,128,0013F8AA,0,1,1,4294967295,0,0
Block,0,160,0024C163,0,1,1,4294967295,0,0
Block,0,192,001722CB,0,1,1,4294967295,0,0
Block,0,224,0016D4A6,0,1,1,4294967295,0,0
Block,0,256,001C22C0,0,1,1,4294967295,0,0
Block,0,288,00294293,0,1,1,4294967295,0,0
Block,0,320,0036C8D6,0,1,1,4294967295,0,0
Block,0,352,002A62A9,0,1,1,4294967295,0,0
Block,0,384,0007CCB6,0,1,1,4294967295,0,0
Block,0,416,0007E565,0,1,1,4294967295,0,0
Block,0,448,000B7E98,0,1,1,4294967295,0,0
Block,0,480,0017565C,0,1,1,4294967295,0,0
Block,0,512,0029DDF4,0,1,1,4294967295,0,0
Block,0,544,000E5E2F,0,1,1,4294967295,0,0
Block,0,576,003BEC59,0,1,1,4294967295,0,0
Block,32,576,001EAB94,0,1,1,4294967295,0,0
Block,64,576,003D87A1,0,1,1,4294967295,0,0
Block,96,576,0027DF5D,0,1,1,4294967295,0,0
Block,128,576,0028A3D3,0,1,1,4294967295,0,0
Block,160,576,0002CF6E,0,1,1,4294967295,0,0
Block,192,576,0033833F,0,1,1,4294967295,0,0
Block,224,576,003E294C,0,1,1,4294967295,0,0
Block,256,576,000D13D9,0,1,1,4294967295,0,0
Block,288,576,0032CF7B,0,1,1,4294967295,0,0
Block,320,576,003CFBBC,0,1,1,4294967295,0,0
Block,352,576,0015CC64,0,1,1,4294967295,0,0
Block,384,576,001C84CA,0,1,1,4294967295,0,0
Block,416,576,0030C6EC,0,1,1,4294967295,0,0
Block,448,576,0034AE80,0,1,1,4294967295,0,0
Block,480,576,003B9355,0,1,1,4294967295,0,0
Block,512,576,002D1034,0,1,1,4294967295,0,0
Block,544,576,002CC09E,0,1,1,4294967295,0,0
Block,576,576,00334AE2,0,1,1,4294967295,0,0
Block,608,576,0000F322,0,1,1,4294967295,0,0
Block,640,576,00329D28,0,1,1,4294967295,0,0
Block,672,576,003BD007,0,1,1,4294967295,0,0
Block,704,576,003DB7BD,0,1,1,4294967295,0,0
Block,736,576,002917C4,0,1,1,4294967295,0,0
Block,768,576,0017BDC5,0,1,1,4294967295,0,0
Block,768,544,002AAB38,0,1,1,4294967295,0,0
Block,768,512,001040EC,0,1,1,4294967295,0,0
Block,768,480,001E7AA0,0,1,1,4294967295,0,0
Block,768,448,0030101A,0,1,1,4294967295,0,0
Block,768,416,003359AD,0,1,1,4294967295,0,0
Block,768,384,003629C3,0,1,1,4294967295,0,0
Block,768,352,001FCD6A,0,1,1,4294967295,0,0
Block,768,320,002C0622,0,1,1,4294967295,0,0
Block,768,288,0022BA5F,0,1,1,4294967295,0,0
Block,768,256,001DDF1D,0,1,1,4294967295,0,0
Block,768,224,00175737,0,1,1,4294967295,0,0
Block,768,192,00078CA9,0,1,1,4294967295,0,0
Block,768,160,00213A7A,0,1,1,4294967295,0,0
Block,768,128,000228D7,0,1,1,4294967295,0,0
Block,768,96,00040A81,0,1,1,4294967295,0,0
Block,768,64,003E4145,0,1,1,4294967295,0,0
Block,768,32,002C5A24,0,1,1,4294967295,0,0
Block,768,0,003AA7A3,0,1,1,4294967295,0,0
Block,736,0,00336080,0,1,1,4294967295,0,0
Block,704,0,00236113,0,1,1,4294967295,0,0
Block,672,0,00039337,0,1,1,4294967295,0,0
Block,640,0,0025F3E9,0,1,1,4294967295,0,0
Block,608,0,00209EE0,0,1,1,4294967295,0,0
Block,576,0,001D724E,0,1,1,4294967295,0,0
Block,544,0,0033F50E,0,1,1,4294967295,0,0
Block,512,0,00401C82,0,1,1,4294967295,0,0
Block,480,0,0028BFF4,0,1,1,4294967295,0,0
Block,448,0,0034463F,0,1,1,4294967295,0,0
Block,416,0,0010F192,0,1,1,4294967295,0,0
Block,384,0,0033C6C6,0,1,1,4294967295,0,0
Block,352,0,0031F922,0,1,1,4294967295,0,0
Block,320,0,0000181E,0,1,1,4294967295,0,0
Block,288,0,0033AA4D,0,1,1,4294967295,0,0
Block,256,0,0030E00E,0,1,1,4294967295,0,0
Block,224,0,00008987,0,1,1,4294967295,0,0
Block,192,0,002E53F3,0,1,1,4294967295,0,0
Block,160,0,00186C25,0,1,1,4294967295,0,0
Block,128,0,0006E0D7,0,1,1,4294967295,0,0
Block,96,0,000FC8D7,0,1,1,4294967295,0,0
Block,64,0,002A1F9F,0,1,1,4294967295,0,0
Block,32,0,0022935C,0,1,1,4294967295,0,0
Block,160,352,0032038F,0,1,1,4294967295,0,0
Block,96,352,002BE114,0,1,1,4294967295,0,0
Block,128,352,0017CB08,0,1,1,4294967295,0,0
Block,192,480,001135FB,0,1,1,4294967295,0,0
Block,224,480,002C4412,0,1,1,4294967295,0,0
Block,256,480,000F22AB,0,1,1,4294967295,0,0
Block,320,224,003C7ECB,0,1,1,4294967295,0,0
Block,352,224,00367BC6,0,1,1,4294967295,0,0
Block,384,224,0003C1EC,0,1,1,4294967295,0,0
Block,416,224,0035232D,0,1,1,4294967295,0,0
Block,448,224,00042FC1,0,1,1,4294967295,0,0
Block,608,352,001A3CBD,0,1,1,4294967295,0,0
Block,640,352,001C9AA0,0,1,1,4294967295,0,0
Block,672,352,001F51BC,0,1,1,4294967295,0,0
Block,512,480,000746CC,0,1,1,4294967295,0,0
Block,544,480,001EC09F,0,1,1,4294967295,0,0
Block,576,480,00126BE0,0,1,1,4294967295,0,0
SpikeU,288,544,000205BA,0,1,1,4294967295,0,0
SpikeU,480,544,00029A57,0,1,1,4294967295,0,0
MusicPlayer,32,32,0007E72D,0,1,1,4294967295,0,1
DifficultyWarp,224,448,003D64CA,0,1,1,4294967295,0,1
DifficultyWarp,544,448,002F6A26,0,1,1,4294967295,0,1
DifficultyWarp,640,320,001FC5FA,0,1,1,4294967295,0,1
DifficultyWarp,128,320,0012515F,0,1,1,4294967295,0,1
DifficultyWarp,384,160,0037FB81,0,1,1,4294967295,0,1
PlayerStart,384,544,0024BBE2,0,1,1,4294967295,0,0
