tile_IWBTG,64,320,0,0,32,32,0,1,1,4294967295
tile_IWBTG,96,352,0,0,32,32,0,1,1,4294967295
tile_IWBTG,128,384,0,0,32,32,0,1,1,4294967295
tile_IWBTG,160,416,0,0,32,32,0,1,1,4294967295
tile_IWBTG,192,448,0,0,32,32,0,1,1,4294967295
tile_IWBTG,224,480,0,0,32,32,0,1,1,4294967295
tile_IWBTG,256,512,0,0,32,32,0,1,1,4294967295
tile_IWBTG,352,512,0,0,32,32,0,1,1,4294967295
tile_IWBTG,384,512,0,0,32,32,0,1,1,4294967295
tile_IWBTG,416,512,0,0,32,32,0,1,1,4294967295
tile_IWBTG,512,512,0,0,32,32,0,1,1,4294967295
tile_IWBTG,544,480,0,0,32,32,0,1,1,4294967295
tile_IWBTG,576,448,0,0,32,32,0,1,1,4294967295
tile_IWBTG,608,416,0,0,32,32,0,1,1,4294967295
tile_IWBTG,640,384,0,0,32,32,0,1,1,4294967295
tile_IWBTG,672,352,0,0,32,32,0,1,1,4294967295
tile_IWBTG,704,320,0,0,32,32,0,1,1,4294967295
tile_IWBTG,704,192,0,0,32,32,0,1,1,4294967295
tile_IWBTG,672,160,0,0,32,32,0,1,1,4294967295
tile_IWBTG,640,128,0,0,32,32,0,1,1,4294967295
tile_IWBTG,608,96,0,0,32,32,0,1,1,4294967295
tile_IWBTG,544,96,0,0,32,32,0,1,1,4294967295
tile_IWBTG,512,128,0,0,32,32,0,1,1,4294967295
tile_IWBTG,480,160,0,0,32,32,0,1,1,4294967295
tile_IWBTG,448,192,0,0,32,32,0,1,1,4294967295
tile_IWBTG,320,192,0,0,32,32,0,1,1,4294967295
tile_IWBTG,288,160,0,0,32,32,0,1,1,4294967295
tile_IWBTG,256,128,0,0,32,32,0,1,1,4294967295
tile_IWBTG,224,96,0,0,32,32,0,1,1,4294967295
tile_IWBTG,160,96,0,0,32,32,0,1,1,4294967295
tile_IWBTG,128,128,0,0,32,32,0,1,1,4294967295
tile_IWBTG,96,160,0,0,32,32,0,1,1,4294967295
tile_IWBTG,64,192,0,0,32,32,0,1,1,4294967295
tile_IWBTG,32,576,0,0,32,32,0,1,1,4294967295
tile_IWBTG,64,576,0,0,32,32,0,1,1,4294967295
tile_IWBTG,96,576,0,0,32,32,0,1,1,4294967295
tile_IWBTG,128,576,0,0,32,32,0,1,1,4294967295
tile_IWBTG,160,576,0,0,32,32,0,1,1,4294967295
tile_IWBTG,192,576,0,0,32,32,0,1,1,4294967295
tile_IWBTG,224,576,0,0,32,32,0,1,1,4294967295
tile_IWBTG,256,576,0,0,32,32,0,1,1,4294967295
tile_IWBTG,288,576,0,0,32,32,0,1,1,4294967295
tile_IWBTG,320,576,0,0,32,32,0,1,1,4294967295
tile_IWBTG,352,576,0,0,32,32,0,1,1,4294967295
tile_IWBTG,384,576,0,0,32,32,0,1,1,4294967295
tile_IWBTG,416,576,0,0,32,32,0,1,1,4294967295
tile_IWBTG,448,576,0,0,32,32,0,1,1,4294967295
tile_IWBTG,480,576,0,0,32,32,0,1,1,4294967295
tile_IWBTG,512,576,0,0,32,32,0,1,1,4294967295
tile_IWBTG,544,576,0,0,32,32,0,1,1,4294967295
tile_IWBTG,576,576,0,0,32,32,0,1,1,4294967295
tile_IWBTG,608,576,0,0,32,32,0,1,1,4294967295
tile_IWBTG,640,576,0,0,32,32,0,1,1,4294967295
tile_IWBTG,672,576,0,0,32,32,0,1,1,4294967295
tile_IWBTG,704,576,0,0,32,32,0,1,1,4294967295
tile_IWBTG,736,576,0,0,32,32,0,1,1,4294967295
tile_IWBTG,0,576,32,0,32,32,0,1,1,4294967295
tile_IWBTG,0,544,32,0,32,32,0,1,1,4294967295
tile_IWBTG,0,512,32,0,32,32,0,1,1,4294967295
tile_IWBTG,0,480,32,0,32,32,0,1,1,4294967295
tile_IWBTG,0,448,32,0,32,32,0,1,1,4294967295
tile_IWBTG,0,416,32,0,32,32,0,1,1,4294967295
tile_IWBTG,0,384,32,0,32,32,0,1,1,4294967295
tile_IWBTG,0,352,32,0,32,32,0,1,1,4294967295
tile_IWBTG,0,320,32,0,32,32,0,1,1,4294967295
tile_IWBTG,0,288,32,0,32,32,0,1,1,4294967295
tile_IWBTG,0,256,32,0,32,32,0,1,1,4294967295
tile_IWBTG,0,224,32,0,32,32,0,1,1,4294967295
tile_IWBTG,0,192,32,0,32,32,0,1,1,4294967295
tile_IWBTG,0,160,32,0,32,32,0,1,1,4294967295
tile_IWBTG,0,128,32,0,32,32,0,1,1,4294967295
tile_IWBTG,0,96,32,0,32,32,0,1,1,4294967295
tile_IWBTG,0,64,32,0,32,32,0,1,1,4294967295
tile_IWBTG,0,32,32,0,32,32,0,1,1,4294967295
tile_IWBTG,0,0,32,0,32,32,0,1,1,4294967295
tile_IWBTG,32,0,32,0,32,32,0,1,1,4294967295
tile_IWBTG,64,0,32,0,32,32,0,1,1,4294967295
tile_IWBTG,96,0,32,0,32,32,0,1,1,4294967295
tile_IWBTG,128,0,32,0,32,32,0,1,1,4294967295
tile_IWBTG,160,0,32,0,32,32,0,1,1,4294967295
tile_IWBTG,192,0,32,0,32,32,0,1,1,4294967295
tile_IWBTG,224,0,32,0,32,32,0,1,1,4294967295
tile_IWBTG,256,0,32,0,32,32,0,1,1,4294967295
tile_IWBTG,288,0,32,0,32,32,0,1,1,4294967295
tile_IWBTG,320,0,32,0,32,32,0,1,1,4294967295
tile_IWBTG,352,0,32,0,32,32,0,1,1,4294967295
tile_IWBTG,384,0,32,0,32,32,0,1,1,4294967295
tile_IWBTG,416,0,32,0,32,32,0,1,1,4294967295
tile_IWBTG,448,0,32,0,32,32,0,1,1,4294967295
tile_IWBTG,480,0,32,0,32,32,0,1,1,4294967295
tile_IWBTG,512,0,32,0,32,32,0,1,1,4294967295
tile_IWBTG,544,0,32,0,32,32,0,1,1,4294967295
tile_IWBTG,576,0,32,0,32,32,0,1,1,4294967295
tile_IWBTG,608,0,32,0,32,32,0,1,1,4294967295
tile_IWBTG,640,0,32,0,32,32,0,1,1,4294967295
tile_IWBTG,672,0,32,0,32,32,0,1,1,4294967295
tile_IWBTG,704,0,32,0,32,32,0,1,1,4294967295
tile_IWBTG,736,0,32,0,32,32,0,1,1,4294967295
tile_IWBTG,768,0,32,0,32,32,0,1,1,4294967295
tile_IWBTG,768,32,32,0,32,32,0,1,1,4294967295
tile_IWBTG,768,64,32,0,32,32,0,1,1,4294967295
tile_IWBTG,768,96,32,0,32,32,0,1,1,4294967295
tile_IWBTG,768,128,32,0,32,32,0,1,1,4294967295
tile_IWBTG,768,160,32,0,32,32,0,1,1,4294967295
tile_IWBTG,768,192,32,0,32,32,0,1,1,4294967295
tile_IWBTG,768,224,32,0,32,32,0,1,1,4294967295
tile_IWBTG,768,256,32,0,32,32,0,1,1,4294967295
tile_IWBTG,768,288,32,0,32,32,0,1,1,4294967295
tile_IWBTG,768,320,32,0,32,32,0,1,1,4294967295
tile_IWBTG,768,352,32,0,32,32,0,1,1,4294967295
tile_IWBTG,768,384,32,0,32,32,0,1,1,4294967295
tile_IWBTG,768,416,32,0,32,32,0,1,1,4294967295
tile_IWBTG,768,448,32,0,32,32,0,1,1,4294967295
tile_IWBTG,768,480,32,0,32,32,0,1,1,4294967295
tile_IWBTG,768,512,32,0,32,32,0,1,1,4294967295
tile_IWBTG,768,544,32,0,32,32,0,1,1,4294967295
tile_IWBTG,768,576,32,0,32,32,0,1,1,4294967295
